72
442 552
160 645
732 65
421 514
416 939
-939 -104
-181 854
-262 503
873 -523
-323 452
-126 588
553 817
-266 988
872 219
-449 63
571 0
-873 -663
-471 -874
392 363
-554 393
-538 290
-741 -451
-354 850
-185 -568
-412 -492
-49 688
101 869
678 470
-346 771
-236 232
-924 377
862 -909
-935 791
-979 936
340 -965
608 -625
-516 -437
849 354
89 -556
924 -926
-272 -88
516 -427
-801 -284
347 -664
-196 -321
109 727
-458 593
388 606
467 754
-215 484
-525 336
-998 829
160 254
857 -260
-465 931
-785 -405
-437 770
361 374
816 544
-300 544
801 506
320 749
432 634
-664 78
-684 288
528 209
-392 246
546 -188
-971 -734
-62 156
369 16
-130 937
