82
297 311
197 177
414 419
-923 -920
-983 -966
327 314
509 498
-86 -93
221 204
634 619
-472 -460
-661 -665
313 303
-789 -775
-700 -701
-69 -75
-985 -968
764 775
-127 -112
-500 -519
824 816
341 335
-643 -660
55 54
27 14
391 373
455 448
840 830
-493 -488
-675 -678
757 755
-179 -160
-1000 -981
282 267
-929 -923
-240 -242
213 222
507 516
-442 -429
284 288
-32 -12
247 239
501 487
403 403
705 721
13 16
-792 -781
687 691
957 977
-993 -986
966 963
474 484
26 34
80 87
-880 -868
-461 -461
-765 -781
-269 -256
-160 -158
-605 -590
583 585
-254 -246
495 477
-201 -217
474 462
-491 -475
-830 -839
-476 -490
-278 -268
193 174
-242 -247
-444 -438
810 790
492 510
482 483
700 695
842 860
-955 -959
-403 -415
971 960
542 543
-348 -357
