100
821 218
921 494
-258 -75
-320 -95
354 5
-430 -539
-938 593
-779 -618
-587 -931
80 954
-346 929
491 -894
162 899
-178 37
-582 -971
-477 -25
-452 -905
-793 -762
251 378
-612 -992
4 -491
-701 116
159 901
933 255
-61 -709
-752 -703
-198 -512
86 944
-376 -763
-812 -379
753 239
-438 66
-761 617
-933 247
-135 -46
-202 52
-944 -950
241 426
732 -941
-783 529
766 -553
858 -311
-402 -129
992 33
794 502
-425 767
152 918
862 666
108 -985
-294 -81
-171 364
-526 -385
186 157
481 -236
872 513
-396 -824
198 496
258 -863
985 697
-684 761
779 -815
-3 954
921 -614
357 -910
311 -591
-99 621
125 -166
973 -983
-800 -730
-160 -273
-52 500
-580 -62
-843 -292
-608 -145
-820 -788
-757 480
36 -57
980 -90
831 503
-803 342
789 -566
-567 -443
744 -741
65 585
667 675
-359 978
806 205
-168 501
101 -382
93 833
220 1000
-379 208
-464 -802
-636 847
-513 530
-819 -321
768 164
-20 967
767 14
439 -400
