69
-769 -909
-94 -364
-979 512
-65 919
-221 497
279 218
425 482
970 -54
-720 269
923 -137
100 333
138 189
-941 -215
205 320
13 511
49 -717
66 105
405 578
-941 685
-933 -957
-93 -100
-893 -845
643 -836
236 295
998 878
-328 -896
808 -717
-710 944
20 -462
-472 -657
461 -767
941 -399
-396 980
-662 981
106 453
-663 -955
372 604
-482 -695
-776 -460
-426 -264
-674 8
802 -374
-499 467
526 -871
755 433
167 -152
758 -733
541 -195
228 423
768 -365
149 -251
-523 503
38 799
565 -920
-646 -804
-384 -128
-559 752
-236 -132
501 -611
-774 496
975 -633
-777 -648
478 -857
934 241
380 -867
900 635
465 973
27 -762
-691 221
