69
854 -631
428 242
325 363
-708 -8
-866 -795
-549 -218
999 -541
-247 -860
-839 893
393 -857
-286 -199
495 25
-441 -889
-533 -337
931 -814
666 10
-162 648
339 590
-400 297
-441 -123
856 -56
895 41
481 477
74 887
70 600
40 927
758 378
-38 -271
316 -427
700 798
-716 -601
303 464
492 -63
914 303
191 -75
494 211
-329 863
305 980
-490 534
-518 -2
-290 -830
-943 208
727 534
760 -847
786 568
812 762
180 -831
525 -897
918 582
89 695
699 -177
288 4
66 -156
-999 654
-184 -956
-488 990
-830 82
334 374
-660 869
431 -616
-905 361
287 -351
-237 714
698 -276
339 81
-456 -659
-963 252
948 436
64 134
