100
476 -143
-499 -595
-973 -358
771 236
-106 295
-206 957
-691 838
-809 -191
-79 625
-666 368
70 -520
402 177
-80 373
-307 -617
402 321
322 550
-613 -877
-788 -680
-694 -735
-79 -764
-869 -880
372 420
734 688
224 275
-37 -124
94 472
-304 555
102 -799
75 519
-402 278
451 -134
-518 -484
724 -65
255 872
985 -777
-901 -114
-150 101
947 664
-854 -419
-335 944
-756 -437
98 772
634 -472
440 262
688 -310
-865 -972
805 904
608 795
-290 -317
337 -89
881 -60
-955 874
474 -841
435 725
56 -274
120 -745
326 -551
-546 421
800 -372
598 -227
52 958
527 -274
644 573
663 528
-1000 561
-276 358
-555 599
515 449
253 -779
-477 821
-55 -125
-322 599
-763 -871
-954 -168
-704 -729
-215 969
-768 789
983 -218
978 709
409 -424
938 -480
-760 996
-862 298
-276 -127
-973 -796
29 290
278 393
-50 -753
-982 -260
356 -874
-728 752
968 -477
-673 -145
-997 929
-831 756
-74 -452
21 -895
85 503
249 -37
224 -999
