74
56 930
799 731
147 -865
-222 288
-508 283
-727 -675
-130 -242
427 643
817 -726
147 295
468 -721
-808 771
361 -81
-790 -243
-466 -318
983 888
561 210
201 262
-965 -486
-533 441
473 410
-620 -961
471 655
-715 -76
129 547
-396 -720
729 689
815 96
-926 -690
580 197
865 -429
-553 -849
690 135
111 344
960 995
-639 237
-76 718
-40 533
-821 948
-427 -620
419 -58
154 159
753 500
878 310
89 418
775 25
-726 -814
299 -692
806 -238
64 -423
-437 -605
-416 -866
-807 14
-314 -644
-144 -886
-658 324
607 -527
-196 639
311 155
-406 870
625 112
843 -586
-732 686
-129 -466
-271 384
-511 -365
515 875
-444 118
115 267
510 -910
-580 -747
57 333
-289 917
-642 625
