100
823 -823
293 -293
839 -839
624 -624
-183 183
-318 318
871 -871
-192 192
-239 239
-289 289
-772 772
-703 703
-711 711
-959 959
253 -253
111 -111
-349 349
-562 562
-46 46
590 -590
-75 75
787 -787
137 -137
676 -676
909 -909
330 -330
350 -350
45 -45
586 -586
362 -362
-737 737
536 -536
-413 413
-304 304
-916 916
976 -976
433 -433
661 -661
302 -302
-558 558
-676 676
-204 204
256 -256
-930 930
597 -597
-573 573
-768 768
54 -54
-386 386
-582 582
-641 641
-32 32
98 -98
-718 718
-329 329
389 -389
-82 82
246 -246
-925 925
281 -281
-504 504
219 -219
72 -72
-209 209
465 -465
509 -509
-1000 1000
763 -763
539 -539
633 -633
520 -520
-706 706
-137 137
708 -708
-709 709
897 -897
795 -795
917 -917
-911 911
855 -855
-299 299
753 -753
-109 109
-770 770
-501 501
-861 861
929 -929
831 -831
730 -730
-303 303
108 -108
8 -8
728 -728
27 -27
-579 579
22 -22
-621 621
-136 136
-365 365
-3 3
