62
-568 -574
-420 -414
-84 -92
263 258
-51 -54
11 9
-668 -660
32 42
451 440
-903 -901
283 288
363 360
789 792
24 22
104 113
-891 -897
-895 -893
-731 -746
890 882
-169 -184
886 899
-156 -152
-702 -716
303 296
-148 -139
428 429
951 951
-67 -57
578 592
-909 -898
-346 -359
762 767
149 142
974 989
-467 -456
628 629
846 845
-699 -691
-983 -977
637 650
-336 -348
-12 -17
-485 -489
-291 -288
11 25
-489 -500
54 41
720 724
762 762
-586 -598
341 332
610 622
227 223
337 328
143 158
-220 -234
-339 -327
-789 -799
557 556
556 546
727 734
-301 -294
