76
-656 312
916 654
893 873
366 753
218 -898
-217 -968
-718 -376
-888 39
415 -534
709 -409
-295 263
613 -578
-11 -655
-771 757
-912 -733
539 -717
-251 -383
662 -161
-106 367
333 389
117 -993
-9 -182
636 -602
-227 -550
-810 768
-872 -545
446 415
-68 587
-277 587
-493 -246
-287 -269
-187 345
-408 -332
692 -753
276 -244
241 648
135 -807
-485 935
980 300
-756 634
664 -661
-431 12
100 -657
756 -158
81 -285
-353 -778
302 -204
644 -167
-861 632
942 -205
-589 405
-45 -118
410 -339
401 691
582 526
402 -618
121 -106
-349 -405
550 -970
333 160
519 492
91 656
-206 269
-877 -960
-740 189
-425 862
-93 -641
274 136
380 -914
-682 721
511 278
-465 306
848 578
-612 109
357 127
-45 -869
