64
162 -986
661 433
207 683
69 943
41 839
37 239
-634 457
977 401
-913 -915
-436 -50
-983 881
822 975
253 646
-972 428
-525 -666
-922 707
-462 894
349 358
763 -926
959 835
651 355
-176 -22
-214 -794
341 -826
170 789
-46 -504
319 -382
22 33
-961 -404
993 363
-644 634
382 -244
-575 -175
429 -316
-355 894
-379 -291
558 822
552 811
-518 814
-249 -778
-992 -331
622 141
-953 296
514 211
399 540
-173 -157
1 -520
-78 535
-15 751
-360 -963
-555 619
-631 -644
-270 179
377 196
891 -354
-1 525
771 -758
221 944
873 -777
94 -115
443 289
-695 -844
-144 679
243 -467
