79
1 -18
503 506
576 570
810 828
-68 -67
92 101
850 841
920 932
832 819
-969 -952
417 418
588 578
-210 -198
83 65
-461 -453
236 229
658 644
774 764
713 708
-677 -686
-922 -938
338 334
-566 -574
-495 -499
-743 -739
-1000 -998
451 461
784 800
175 188
-124 -118
-473 -479
-532 -550
-709 -722
682 679
952 962
716 727
-800 -812
-179 -165
-371 -364
-994 -978
-531 -534
601 610
-425 -414
-551 -565
997 982
-648 -659
-932 -932
401 386
-702 -687
-491 -486
505 488
-689 -690
524 524
-930 -922
-946 -954
424 429
-827 -823
-613 -594
-335 -332
830 836
-938 -925
650 664
995 993
-956 -968
-731 -748
238 222
698 708
377 366
-626 -607
-881 -866
525 542
-408 -410
-447 -445
-352 -359
49 30
618 625
635 653
-352 -357
-165 -166
