1
2
3
5
6
7
10
13
14
15
17
19
21
23
26
29
30
31
34
35
37
38
39
42
46
51
57
58
62
65
69
70
74
78
85
87
91
93
95
102
105
111
114
115
119
130
133
138
145
155
161
170
174
182
185
186
190
195
203
210
217
221
222
230
238
247
255
259
266
273
285
290
299
310
322
323
345
357
370
377
390
391
399
403
406
434
435
437
442
455
465
481
483
493
494
510
518
527
546
551
555
570
589
595
598
609
629
646
651
663
665
667
690
703
713
714
741
754
777
782
798
805
806
851
870
874
897
899
910
930
962
966
969
986
1015
1054
1073
1085
1102
1105
1110
1131
1147
1173
1178
1190
1209
1218
1235
1258
1295
1302
1311
1326
1330
1334
1365
1406
1426
1443
1479
1482
1495
1547
1554
1581
1610
1615
1653
1702
1729
1767
1785
1794
1798
1885
1887
1938
1955
1995
2001
2015
2030
2093
2109
2139
2146
2170
2185
2210
2261
2262
2294
2346
2405
2415
2418
2465
2470
2553
2590
2622
2635
2639
2697
2730
2737
2755
2821
2886
2945
2958
2990
3045
3059
3094
3145
3162
3219
3230
3255
3306
3315
3335
3367
3441
3451
3458
3515
3534
3565
3570
3689
3705
3770
3774
3857
3885
3910
3990
4002
4030
4123
4186
4199
4218
4255
4278
4370
4403
4485
4495
4522
4641
4669
4810
4830
4845
4921
4930
4991
5083
5106
5187
5270
5278
5365
5394
5474
5510
5642
5655
5681
5735
5865
5890
5957
6045
6090
6118
6279
6290
6293
6409
6438
6510
6555
6630
6670
6734
6783
6851
6882
6902
7030
7130
7163
7215
7378
7395
7410
7429
7511
7657
7714
7735
7770
7905
7917
8029
8177
8211
8246
8265
8398
8463
8510
8645
8671
8806
8835
8970
8990
9139
9177
9269
9282
9338
9367
9435
9690
9842
9982
10005
10013
10101
10166
10353
10374
10465
10545
10695
10730
11063
11067
11305
11310
11339
11362
11470
11571
11687
11730
11914
11951
12090
12121
12369
12558
12586
12597
12673
12765
12818
13110
13195
13209
13485
13547
13566
13685
13702
13949
14007
14105
14326
14430
14467
14763
14790
14858
14911
14973
15022
15249
15283
15295
15314
15470
15810
15834
16058
16095
16169
16354
16422
16530
16835
16926
17043
17081
17205
17255
17290
17342
17670
17871
18241
18278
18354
18445
18538
18734
18870
18879
19227
19285
19499
20010
20026
20202
20387
20553
20615
20677
20706
20930
20995
21090
21390
21489
21793
22015
22126
22134
22287
22533
22610
22678
22971
23142
23205
23345
23374
23902
24087
24242
24531
24605
24679
24738
24955
25194
25346
25415
25530
25935
26013
26381
26390
26418
26970
27094
27370
27417
27807
27898
28014
28101
28210
28405
28934
29393
29526
29785
29822
29946
30039
30498
30566
30590
31395
31465
32045
32190
32338
33189
33263
33670
33915
34017
34086
34162
34255
34410
34510
35061
35581
35742
35815
35853
36363
36482
36890
37145
37555
37758
38019
38285
38454
38570
38998
39585
39767
40145
40641
40774
40885
41055
41106
41230
41354
41847
41990
42315
42978
43355
43401
43586
44030
44574
44733
44863
45066
45695
45849
45885
45942
46345
46410
46690
46835
47957
48174
48507
49062
49210
49358
49910
50065
50141
50505
50830
51243
51765
51870
52003
52026
52762
53599
54723
54834
55315
55335
55614
56202
56695
56810
57239
57855
58435
58497
58786
59570
59755
60078
60605
60697
61161
61845
62031
62790
62930
62985
63365
63973
64090
64883
65379
65569
66045
66378
66526
67735
67830
68034
68510
69745
70035
70091
70122
71162
71630
71706
72335
72726
73815
74037
74290
74555
74865
75110
76038
76245
76415
76570
77441
79143
79170
79373
79534
80290
80845
81282
81770
81809
82110
83657
83694
84630
84847
85215
85405
86710
86802
88179
88711
89355
89466
89726
91205
91390
91698
91770
92690
93670
94395
94829
95914
96135
96577
97014
97495
97643
99789
100130
100282
101010
101269
101935
102486
102765
103385
103530
104006
104377
106743
106981
107198
107445
108965
109446
110630
110670
111435
112665
113183
113390
114478
114855
115710
116870
116994
119301
119510
119567
120435
121210
121394
121771
122322
122655
123395
123690
124062
125970
126730
127687
127946
129766
130065
130169
130758
131138
131905
132090
134589
135470
136493
137085
139035
139490
140070
140182
140505
142709
143871
144670
144739
146965
147407
147630
148074
149110
149730
150195
150423
152490
152551
152830
154882
155363
156009
157573
158286
158746
160797
161690
163618
164749
165945
166315
167314
169694
170085
170430
170810
171717
172753
175305
176111
176358
177422
177905
178710
179265
181815
182091
182410
184667
188071
188790
189658
190095
191919
192270
193154
194649
194990
195286
196707
198679
198835
199578
202538
203205
203870
205530
206770
208754
209235
210197
210273
213486
213962
214890
215441
217005
217930
222053
222870
223665
224315
225330
226366
229245
229710
230299
232323
232841
237133
238119
238602
239134
239785
240870
242535
243542
245310
245427
246790
250705
250971
253487
254541
255374
256215
260015
260130
260338
263810
265031
266133
267995
268801
269178
272986
273615
274170
274873
278070
281010
283309
284487
285418
286195
287742
289478
289731
290377
292485
292929
293930
294814
300390
300846
303485
303807
305102
305805
310155
310726
312018
313131
315146
319865
320827
320943
321594
324415
326895
327845
329498
331890
332630
339549
340170
342953
343434
345506
346579
350455
350610
351509
352222
355810
358530
358701
363630
364182
365313
369334
370185
370481
376142
380190
383061
383838
387205
389298
390507
392863
393414
395715
396865
397358
397670
406410
409045
409479
418285
418470
419543
420394
420546
424235
428127
430882
432419
434010
434217
440895
442221
443555
444106
447330
448477
448630
457653
458490
460598
464646
465682
466089
468901
472719
474145
474266
476238
479570
482885
485070
488215
490854
494247
498945
501239
501410
501942
506345
506974
509082
512430
518259
520030
521885
528333
530062
532266
533715
534905
535990
537602
547230
549746
554001
564213
565471
565915
566618
568974
572390
579462
580754
584970
585858
596037
596505
597835
606970
607614
608855
611610
620310
626262
630591
631997
638435
639730
641654
641886
646323
648830
650845
653790
655690
666159
672945
676039
679098
682465
685906
690897
693158
698523
700910
703018
711399
713545
717402
719355
723695
730626
737035
740370
740962
752115
760461
762755
765049
766122
774410
776815
780045
781014
785726
787865
791430
793730
795093
803985
806403
818090
818958
823745
824619
836570
839086
848470
849927
852397
856254
858585
863765
864838
868434
871131
880555
881790
884442
887110
896954
910455
911183
915306
923335
932178
937802
940355
945438
948290
959595
962481
965770
973245
976430
983535
988494
993395
997890
1002478
1012690
1028859
1031849
1036518
1039737
1043770
1050985
1051365
1054527
1056666
1067430
1069810
1077205
1087541
1103011
1108002
1110265
1111443
1128426
1130942
1131830
1151495
1153243
1161615
1164205
1178589
1185665
1190595
1192074
1193010
1195670
1217710
1227135
1232777
1254855
1258629
1261182
1263994
1267435
1272705
1276870
1292646
1297257
1301690
1316497
1325155
1330665
1332318
1344005
1345431
1345890
1352078
1364930
1374365
1381794
1390753
1397046
1406703
1416545
1422435
1422798
1427090
1438710
1447390
1448655
1451885
1464645
1471379
1474070
1503717
1504230
1508087
1519035
1520922
1525510
1530098
1553630
1554371
1560090
1565655
1575730
1590186
1604135
1604715
1607970
1612093
1612806
1647490
1649238
1659931
1696413
1697745
1699854
1704794
1714765
1717170
1727530
1732895
1742262
1757545
1761110
1774409
1793505
1820910
1822366
1826565
1846670
1852405
1855217
1880710
1881607
1895991
1915305
1919190
1924111
1924962
1946490
1952535
1964315
1967070
1983163
1986790
2028117
2032639
2047395
2057718
2063698
2079474
2097715
2101970
2102730
2109054
2140635
2154410
2162095
2171085
2175082
2206022
2211105
2220530
2222886
2242385
2245789
2288265
2295147
2302990
2306486
2323230
2328410
2330445
2344505
2357178
2363595
2371330
2381190
2400671
2426053
2454270
2460563
2465554
2471235
2506195
2509710
2517258
2534870
2545410
2557191
2591295
2593367
2594514
2632994
2641665
2650310
2661330
2688010
2690862
2733549
2748730
2750041
2770005
2781506
2800733
2813406
2821065
2827355
2833090
2844870
2897310
2903770
2929290
2936801
2942758
2980185
2993887
3007434
3016174
3026933
3038070
3095547
3108742
3131310
3139339
3152955
3159985
3208270
3209430
3224186
3231615
3262623
3282307
3309033
3319862
3330795
3380195
3392826
3395490
3429530
3454485
3459729
3465790
3492615
3508673
3515090
3548818
3556995
3573349
3587010
3653130
3698331
3704810
3710434
3763214
3774901
3791982
3802305
3825245
3830610
3848222
3905070
3928630
3949491
3958297
3966326
3975465
4032015
4056234
4065278
4094790
4123095
4172259
4195430
4249635
4261985
4281270
4324190
4342170
4355655
4414137
4422210
4423979
4484770
4491578
4505527
4524261
4555915
4569617
4576530
4590294
4660890
4663113
4689010
4727190
4801342
4812405
4816253
4836279
4852106
4921126
4942470
4979793
5012390
5107219
5114382
5144295
5159245
5182590
5186734
5198685
5272635
5283330
5323227
5355343
5437705
5454059
5467098
5500082
5515055
5540010
5557215
5565651
5601466
5642130
5644821
5654710
5766215
5772333
5830201
5873602
5892945
5949489
5960370
5987774
6053866
6095713
6097917
6163885
6191094
6278678
6293145
6305910
6319970
6463230
6486285
6516107
6525246
6564614
6582485
6618066
6661590
6678671
6727155
6737367
6760390
6908970
6919458
6953765
6985230
7017346
7033515
7113990
7146698
7202013
7278159
7351123
7356895
7381689
7396662
7518585
7540435
7549802
7604610
7650490
7771855
7780101
7898982
7916594
7950930
7971317
8060465
8064030
8215961
8246190
8250123
8299655
8344518
8402199
8482065
8499270
8521063
8523970
8711310
8810403
8828274
8847958
8872045
8981661
9011054
9048522
9080799
9111830
9139234
9276085
9326226
9408035
9418017
9479955
9620555
9624810
9632506
9672558
9846921
9915815
9945637
9959586
10140585
10163195
10214438
10288590
10318490
10397370
10526019
10545270
10646454
10710686
10720047
10743949
10875410
10908118
11030110
11114430
11131302
11228945
11289642
11324703
11475735
11532430
11544666
11660402
11785890
11874891
11898978
12003355
12130265
12191426
12195834
12302815
12327770
12586290
12785955
12966835
12972570
13005833
13032214
13164970
13271937
13357342
13454310
13474734
13516581
13667745
13708851
13750205
13907530
14003665
14067030
14404026
14448759
14535931
14556318
14684005
14702246
14713790
14763378
14969435
15037170
15080870
15134665
15321657
15477735
15543710
15560202
15696695
15942634
16066029
16120930
16313115
16362177
16411535
16431922
16500246
16545165
16599310
16804398
16964130
17042126
17298645
17490603
17543365
17620806
17744090
17866745
17963322
18161598
18287139
18491655
18552170
18816070
18836034
18874505
18959910
19241110
19548321
19605131
19693842
19747455
19791485
19831630
19891274
20036013
20281170
20326390
20861295
20957209
21052038
21440094
21487898
22053369
22070685
22119895
22457890
22527635
22621305
22649406
22848085
22951470
23315565
23749782
23913951
24006710
24081265
24181395
24260530
24605630
24647883
24898965
25013443
25536095
25563189
25571910
25933670
26011666
26424307
26543874
26616135
26776715
27033162
27270295
27335490
27417702
27500410
27828255
28007330
28224105
28861665
28897518
29071862
29151005
29368010
29747445
29836911
29938870
30269330
30478565
30489585
30643314
30955470
31393390
31538689
31987319
32132058
32231847
32580535
32626230
32724354
32823070
33090330
33393355
33686835
33713771
34597290
34981206
35086730
35733490
35750533
36010065
36390795
36574278
36755615
36908445
36983310
37749010
38178413
38900505
39017499
39096642
39210262
39494910
39582970
39856585
40072026
40811407
41079805
41250615
41722590
41914418
42010995
42605315
42669991
43607793
44052015
44106738
44141370
44239790
44908305
45055270
45242610
45403995
45612749
45696170
46631130
46750697
47090085
47827902
48162530
48362790
49234605
49295766
49728185
49797930
50026886
51072190
51126378
51457861
52630095
52848614
53232270
53553430
53600235
53719745
54540590
55656510
55799219
56448210
56623515
57511727
57723330
58302010
58815393
59374455
59494890
59647441
59673822
60957130
60979170
62871627
63077378
63974638
64463694
65029165
65161070
66359685
66786710
67373670
67427542
67582905
68544255
69619459
71501066
72020130
72243795
72679655
72781590
73511230
73816890
75040329
75207643
76356826
76608285
77801010
78034998
79272921
79713170
80330145
81622814
81810885
82159610
82501230
84021990
85210630
85339982
86822723
87215586
87453015
88104030
89816610
90807990
91040831
91225498
91435695
93501394
94180170
94616067
95961957
97741605
98025655
98469210
99456370
100180065
101141313
101751517
102915722
103627121
104786045
105260190
107200470
107251599
107439490
110266845
110773819
111598438
113247030
114535239
115023454
117630786
118748910
119294882
119569755
122434221
123239415
125067215
125743254
127815945
128009973
130058330
132121535
132719370
135165810
136838247
137088510
139238918
139671337
140252091
144487590
145359310
149184555
150080658
150415286
153216570
154373583
157693445
158545842
159936595
160660290
161159235
163621770
167397657
168568855
169075829
172535181
173645446
174906030
178752665
178942323
182081662
182871390
188967103
189232134
190892065
191923914
195087495
195483210
196051310
200360130
202282626
203503034
204057035
207254242
208858377
209572090
213349955
214503198
218038965
220533690
221547638
225622929
228063745
229070478
233753485
239139510
244868442
246478830
247110827
250134430
255631890
256019946
257289305
260468169
264243070
273122493
273676494
278996095
279342674
280504182
287558635
294076965
298237205
298369110
305254551
308747166
310881363
314358135
315386890
319873190
322318470
332321457
334795314
337137710
338151658
345070362
348097295
357505330
357884646
375201645
376038215
377934206
381784130
390174990
396364605
408114070
417716754
419014011
426699910
434113615
436077930
451245858
455204155
456127490
467506970
473080335
479809785
494221654
505706565
507227487
508757585
514578610
518135605
520936338
536257995
546244986
553869095
557992190
566901309
572676195
575117270
588153930
596474410
607759061
610509102
612171105
621762726
628716270
640049865
664642914
684191235
696194590
698356685
701260455
725389847
741332481
750403290
752076430
771867915
775416733
792729210
836988285
838028022
845379145
862675905
868227230
894711615
910408310
944835515
946160670
959619570
977699359
1011413130
1014454974
1017515170
1036271210
1044291885
1072515990
1107738190
1128114645
1133802618
1145352390
1183530803
1215518122
1224342210
1235554135
1280099730
1302340845
1322769721
1365612465
1368382470
1396713370
1402520910
1450779694
1482664962
1526272755
1543735830
1550833466
1554406815
1661607285
1673976570
1690758290
1725351810
1729775789
1789423230
1823277183
1889671030
1955398718
2088583770
2095070055
2176169541
2256229290
2326250199
2367061606
2471108270
2536137435
2604681690
2645539442
2731224930
2834506545
2933098077
3038795305
3052545510
3108813630
3212440751
3323214570
3459551578
3550592409
3626949235
3646554366
3706662405
3877083665
3968309163
4190140110
4352339082
4652500398
4888496795
5072274870
5189327367
5669013090
5866196154
5917654015
6077590610
6424881502
6613848605
7101184818
7253898470
7413324810
7754167330
7936618326
8648878945
9116385915
9637322253
9776993590
10378654734
10880847705
11631250995
11835308030
13227697210
14665490385
16062203755
17297757890
17752962045
18232771830
19274644506
19841545815
21761695410
22487085257
23262501990
25946636835
29330980770
32124407510
35505924090
39683091630
44974170514
48186611265
51893273670
67461255771
96373222530
112435426285
134922511542
224870852570
337306278855
674612557710
