1
2
3
4
5
6
7
8
9
10
11
12
13
14
15
16
17
18
19
20
21
22
23
24
25
26
27
28
30
32
33
34
35
36
38
39
40
42
44
45
46
48
50
51
52
54
55
56
57
60
63
64
65
66
68
69
70
72
75
76
77
78
80
81
84
85
88
90
91
92
95
96
99
100
102
104
105
108
110
112
114
115
117
119
120
126
130
132
133
135
136
138
140
143
144
150
152
153
154
156
160
161
162
165
168
170
171
175
176
180
182
184
187
189
190
192
195
198
200
204
207
208
209
210
216
220
221
224
225
228
230
231
234
238
240
247
252
253
255
260
264
266
270
272
273
275
276
280
285
286
288
297
299
300
304
306
308
312
315
320
322
323
324
325
330
336
340
342
345
350
351
352
357
360
364
368
374
378
380
385
390
391
396
399
400
405
408
414
416
418
420
425
429
432
437
440
442
448
450
455
456
459
460
462
468
475
476
480
483
494
495
504
506
510
513
520
525
528
532
540
544
546
550
552
560
561
567
570
572
575
576
585
594
595
598
600
608
612
616
621
624
627
630
644
646
648
650
660
663
665
672
675
680
684
690
693
700
702
704
714
715
720
728
736
741
748
756
759
760
765
770
780
782
792
798
800
805
810
816
819
825
828
832
836
840
850
855
858
864
874
880
884
891
897
900
910
912
918
920
924
935
936
945
950
952
960
966
969
975
988
990
1001
1008
1012
1020
1026
1035
1040
1045
1050
1053
1056
1064
1071
1080
1088
1092
1100
1104
1105
1120
1122
1134
1140
1144
1150
1155
1170
1173
1188
1190
1196
1197
1200
1216
1224
1232
1235
1242
1248
1254
1260
1265
1275
1287
1288
1292
1296
1300
1309
1311
1320
1326
1330
1344
1350
1360
1365
1368
1377
1380
1386
1400
1404
1425
1428
1430
1440
1449
1456
1463
1472
1482
1485
1495
1496
1512
1518
1520
1530
1539
1540
1547
1560
1564
1575
1584
1596
1600
1610
1615
1620
1632
1638
1650
1656
1672
1680
1683
1700
1710
1716
1725
1728
1729
1748
1755
1760
1768
1771
1782
1785
1794
1800
1820
1824
1836
1840
1848
1863
1870
1872
1881
1890
1900
1904
1925
1932
1938
1950
1955
1976
1980
1989
1995
2002
2016
2024
2025
2040
2052
2070
2079
2080
2090
2093
2100
2106
2112
2128
2142
2145
2160
2184
2185
2200
2208
2210
2223
2240
2244
2261
2268
2275
2277
2280
2288
2295
2300
2310
2340
2346
2376
2380
2392
2394
2400
2415
2431
2448
2457
2464
2470
2475
2484
2496
2508
2520
2530
2550
2565
2574
2576
2584
2592
2600
2618
2622
2640
2652
2660
2691
2700
2717
2720
2730
2736
2737
2754
2760
2772
2800
2805
2808
2835
2850
2856
2860
2880
2898
2907
2912
2925
2926
2964
2970
2975
2990
2992
3003
3024
3036
3040
3059
3060
3078
3080
3094
3105
3120
3128
3135
3150
3168
3192
3213
3220
3230
3240
3264
3276
3289
3300
3312
3315
3325
3344
3360
3366
3400
3420
3432
3450
3458
3465
3496
3510
3519
3520
3536
3542
3553
3564
3570
3575
3588
3591
3600
3640
3648
3672
3680
3696
3705
3726
3740
3744
3762
3780
3795
3800
3808
3825
3850
3861
3864
3876
3900
3910
3927
3933
3952
3960
3978
3990
4004
4025
4032
4048
4050
4080
4095
4104
4140
4158
4160
4180
4186
4199
4200
4212
4256
4275
4284
4290
4301
4320
4347
4368
4370
4389
4400
4416
4420
4446
4455
4485
4488
4522
4536
4550
4554
4560
4576
4590
4600
4620
4641
4675
4680
4692
4725
4752
4760
4784
4788
4800
4807
4830
4845
4862
4896
4914
4928
4940
4950
4968
5005
5016
5040
5049
5060
5083
5100
5130
5148
5152
5168
5175
5184
5187
5200
5225
5236
5244
5265
5280
5304
5313
5320
5355
5382
5400
5434
5440
5460
5472
5474
5508
5520
5525
5544
5600
5610
5616
5643
5670
5681
5700
5712
5720
5775
5796
5814
5824
5850
5852
5865
5928
5940
5950
5967
5980
5984
5985
6006
6048
6072
6080
6118
6120
6156
6160
6175
6188
6210
6237
6240
6256
6270
6279
6300
6325
6336
6384
6426
6435
6440
6460
6480
6545
6552
6555
6578
6600
6624
6630
6650
6669
6688
6720
6732
6783
6800
6825
6831
6840
6864
6885
6900
6916
6930
6992
7020
7038
7072
7084
7106
7128
7140
7150
7176
7182
7200
7245
7280
7293
7315
7344
7360
7371
7392
7410
7425
7429
7452
7475
7480
7488
7524
7560
7590
7600
7616
7650
7695
7700
7722
7728
7735
7752
7800
7820
7854
7866
7904
7920
7956
7980
8008
8050
8073
8075
8096
8100
8151
8160
8190
8208
8211
8280
8316
8360
8372
8398
8400
8415
8424
8512
8550
8568
8580
8602
8640
8645
8694
8721
8736
8740
8775
8778
8800
8840
8855
8892
8910
8925
8970
8976
9009
9044
9072
9100
9108
9120
9152
9177
9180
9200
9240
9282
9315
9350
9360
9384
9405
9450
9504
9520
9568
9576
9614
9639
9660
9690
9724
9775
9792
9828
9867
9880
9900
9936
9945
9975
10010
10032
10080
10098
10120
10166
10200
10260
10296
10304
10336
10350
10374
10395
10400
10450
10465
10472
10488
10530
10557
10560
10608
10626
10640
10659
10710
10725
10764
10773
10800
10868
10920
10925
10944
10948
11016
11040
11050
11088
11115
11200
11220
11232
11286
11305
11340
11362
11385
11400
11424
11440
11475
11550
11583
11592
11628
11700
11704
11730
11781
11799
11856
11880
11900
11934
11960
11968
11970
12012
12075
12096
12144
12155
12236
12240
12285
12312
12320
12350
12376
12420
12474
12480
12512
12540
12558
12597
12600
12650
12768
12825
12852
12870
12880
12903
12920
12960
13041
13090
13104
13110
13156
13167
13200
13248
13260
13300
13338
13376
13455
13464
13566
13585
13600
13650
13662
13680
13685
13728
13770
13800
13832
13860
13923
13984
14025
14040
14076
14144
14168
14175
14212
14256
14280
14300
14352
14364
14400
14421
14490
14535
14560
14586
14630
14688
14742
14784
14820
14850
14858
14904
14950
14960
15015
15048
15120
15147
15180
15200
15249
15295
15300
15390
15400
15444
15456
15470
15504
15525
15561
15600
15640
15675
15708
15732
15808
15840
15912
15939
15960
16016
16065
16100
16146
16150
16192
16200
16302
16320
16380
16416
16422
16445
16560
16575
16632
16720
16744
16796
16800
16830
16848
16929
17017
17043
17100
17136
17160
17204
17290
17325
17388
17442
17472
17480
17550
17556
17595
17600
17680
17710
17765
17784
17820
17850
17901
17940
17952
17955
18018
18088
18144
18200
18216
18240
18354
18360
18400
18480
18525
18564
18630
18700
18720
18768
18810
18837
18900
18975
19008
19019
19040
19136
19152
19228
19278
19305
19320
19380
19448
19550
19635
19656
19665
19734
19760
19800
19872
19890
19950
20007
20020
20064
20160
20196
20240
20332
20349
20400
20475
20493
20520
20592
20672
20700
20748
20790
20800
20900
20930
20944
20976
20995
21060
21114
21216
21252
21280
21318
21420
21450
21505
21528
21546
21600
21735
21736
21840
21850
21879
21896
21945
22032
22080
22100
22176
22230
22275
22287
22425
22440
22464
22572
22610
22680
22724
22770
22800
22848
22880
22950
23023
23100
23166
23184
23205
23256
23400
23408
23460
23562
23598
23712
23760
23800
23868
23920
23940
24024
24035
24150
24219
24225
24288
24310
24453
24472
24480
24570
24624
24633
24640
24700
24752
24840
24871
24948
25024
25025
25080
25116
25194
25200
25245
25300
25415
25536
25650
25704
25740
25760
25806
25840
25920
25935
26082
26163
26180
26208
26220
26312
26325
26334
26400
26520
26565
26600
26676
26775
26910
26928
27027
27132
27170
27200
27300
27324
27360
27370
27456
27531
27540
27600
27664
27720
27846
27968
28050
28080
28152
28215
28336
28350
28405
28424
28512
28560
28600
28704
28728
28842
28980
29070
29120
29172
29260
29325
29376
29393
29484
29601
29640
29700
29716
29808
29835
29900
29920
29925
30030
30096
30107
30240
30294
30360
30400
30498
30590
30600
30780
30800
30888
30912
30940
31008
31050
31122
31185
31200
31280
31350
31395
31416
31464
31671
31680
31824
31878
31920
31977
32032
32130
32175
32200
32292
32300
32400
32604
32725
32760
32775
32832
32844
32890
33120
33150
33264
33345
33440
33488
33592
33600
33649
33660
33696
33858
33915
34034
34086
34155
34200
34272
34320
34408
34425
34580
34650
34776
34884
34960
35100
35112
35190
35343
35360
35397
35420
35530
35568
35581
35640
35700
35802
35880
35904
35910
36036
36176
36225
36288
36400
36432
36465
36575
36708
36720
36800
36855
36960
37050
37128
37145
37260
37400
37440
37536
37620
37674
37791
37800
37950
38038
38080
38304
38456
38475
38556
38610
38640
38675
38709
38760
38896
39100
39270
39312
39330
39468
39501
39520
39600
39744
39767
39780
39900
40014
40040
40128
40365
40392
40480
40664
40698
40755
40800
40950
40986
41040
41055
41184
41400
41496
41580
41769
41800
41860
41888
41952
41990
42075
42120
42228
42432
42504
42560
42636
42840
42900
43010
43056
43092
43200
43225
43263
43470
43472
43605
43680
43700
43758
43792
43890
44064
44200
44275
44352
44460
44550
44574
44850
44880
45045
45144
45220
45360
45448
45540
45600
45747
45760
45885
45900
46046
46189
46200
46332
46368
46410
46512
46575
46683
46800
46816
46920
47025
47124
47196
47424
47520
47600
47736
47817
47840
47880
48048
48070
48195
48300
48438
48450
48576
48620
48906
48944
48960
49140
49248
49266
49335
49400
49504
49680
49725
49742
49896
50050
50160
50232
50388
50400
50490
50600
50830
51051
51129
51300
51408
51480
51520
51612
51680
51870
51975
52003
52164
52325
52326
52360
52416
52440
52624
52650
52668
52785
52800
53040
53130
53200
53295
53352
53550
53820
53856
53865
54054
54264
54340
54600
54648
54720
54740
55062
55080
55200
55328
55440
55575
55692
55913
56100
56160
56304
56430
56511
56525
56672
56700
56810
56848
56925
57024
57057
57120
57200
57408
57456
57684
57915
57960
58140
58344
58520
58650
58786
58905
58968
58995
59202
59280
59400
59432
59616
59670
59800
59840
59850
60060
60192
60214
60480
60588
60720
60775
60996
61047
61180
61200
61425
61560
61600
61776
61880
62016
62100
62244
62370
62400
62491
62560
62700
62790
62832
62928
62985
63342
63648
63756
63840
63954
64064
64260
64350
64400
64515
64584
64600
64800
65205
65208
65450
65520
65550
65637
65688
65780
65835
66240
66300
66528
66690
66861
66880
66976
67184
67275
67298
67320
67392
67716
67830
67925
68068
68172
68310
68400
68425
68544
68640
68816
68850
69069
69160
69300
69552
69615
69768
69920
70200
70224
70380
70686
70720
70794
70840
71060
71136
71162
71280
71400
71604
71760
71820
72072
72105
72352
72450
72675
72800
72864
72930
73150
73359
73416
73440
73710
73899
73920
74100
74256
74290
74520
74613
74800
75072
75075
75240
75348
75582
75600
75735
75900
76076
76245
76475
76608
76912
76950
77112
77220
77280
77350
77418
77520
77792
77805
78200
78540
78624
78660
78936
79002
79040
79200
79534
79560
79695
79800
80028
80080
80325
80730
80784
80960
81081
81328
81396
81510
81600
81719
81900
81972
82080
82110
82225
82368
82593
82800
82992
83160
83538
83600
83720
83776
83904
83980
84150
84240
84456
84645
85008
85085
85215
85272
85680
85800
86020
86112
86184
86450
86526
86940
86944
87210
87360
87400
87516
87584
87780
87975
88128
88179
88400
88550
88803
88825
88920
89100
89148
89505
89700
89760
89775
90090
90288
90321
90440
90720
90896
91080
91200
91494
91770
91800
92092
92378
92400
92664
92736
92820
93024
93150
93366
93600
93632
93840
94050
94185
94248
94392
95040
95095
95200
95472
95634
95680
95760
95931
96096
96140
96390
96525
96577
96600
96876
96900
97240
97812
97888
98175
98280
98325
98496
98532
98670
98800
99008
99360
99450
99484
99792
100035
100100
100320
100464
100776
100800
100947
100980
101200
101660
101745
102102
102258
102465
102600
102816
102960
103224
103360
103740
103950
104006
104328
104650
104652
104720
104880
104975
105248
105300
105336
105570
106029
106080
106260
106400
106590
106704
106743
107100
107525
107640
107712
107730
108108
108528
108675
108680
109200
109296
109395
109480
109725
110124
110160
110400
110656
110880
111150
111384
111435
111826
112200
112320
112608
112860
113022
113050
113344
113373
113400
113620
113696
113850
114114
114240
114400
114912
115115
115368
115830
115920
116025
116127
116280
116688
117040
117300
117572
117810
117936
117990
118404
118503
118560
118800
118864
119232
119301
119340
119600
119700
120120
120175
120384
120428
121095
121176
121440
121550
121992
122094
122265
122360
122400
122850
123120
123165
123200
123552
123760
124200
124355
124488
124740
124982
125120
125307
125400
125580
125664
125856
125970
126225
126684
127075
127296
127512
127680
127908
128520
128700
128800
129030
129168
129200
129600
129675
129789
130410
130416
130815
130900
131040
131100
131274
131376
131560
131670
132600
132825
133056
133380
133722
133952
134368
134550
134596
134640
135135
135432
135660
135850
136136
136344
136620
136800
136850
137241
137280
137632
137655
137700
138138
138320
138567
138600
139104
139230
139536
139840
140049
140400
140448
140760
141075
141372
141588
141680
142025
142120
142272
142324
142560
142800
143208
143451
143520
143640
144144
144210
144704
144900
145350
145600
145728
145860
146300
146718
146832
146880
146965
147420
147798
148005
148200
148512
148580
149040
149175
149226
149600
150150
150480
150535
150696
151164
151200
151470
151800
152152
152490
152950
153153
153387
153824
153900
154224
154440
154560
154700
154836
155040
155584
155610
155925
156009
156400
156975
157080
157248
157320
157872
158004
158355
158400
159068
159120
159390
159600
159885
160056
160160
160650
161460
161568
162162
162656
162792
163020
163438
163800
163944
164160
164220
164450
165186
165600
165984
166320
166725
167076
167200
167440
167739
167960
168245
168300
168480
168912
169290
169533
169575
170016
170170
170430
170544
170775
171171
171360
171600
172040
172224
172368
172900
173052
173880
173888
174420
174800
175032
175168
175560
175950
176358
176715
176800
176985
177100
177606
177650
177840
177905
178200
178296
179010
179400
179520
179550
180180
180576
180642
180880
181440
181792
182160
182325
182988
183141
183540
183600
184184
184275
184756
184800
185328
185640
185725
186048
186300
186732
187200
187473
187680
188100
188370
188496
188784
188955
190190
190400
190944
191268
191520
191862
192192
192280
192780
193050
193154
193200
193545
193752
193800
194480
195624
195776
196350
196560
196650
196911
197064
197340
197505
197600
198720
198835
198900
198968
199584
200070
200200
200583
200640
200928
201552
201825
201894
201960
202400
203320
203490
203775
204204
204516
204930
205200
205275
205632
205920
206448
207207
207480
207900
208012
208656
208845
209300
209304
209440
209760
209950
210496
210600
210672
211140
212058
212160
212520
212800
213180
213408
213486
214200
215050
215280
215460
216216
216315
217056
217350
217360
218025
218400
218592
218790
218960
219450
220077
220248
220320
221697
221760
222300
222768
222870
223652
223839
224400
225216
225225
225720
226044
226100
226746
226800
227240
227392
227700
228228
228735
228800
229425
229824
230230
230736
230945
231660
231840
232050
232254
232560
233376
233415
234080
234600
235144
235620
235872
235980
236808
237006
237120
237600
237728
238602
238680
239085
239200
239400
240240
240350
240856
240975
242190
242352
242880
243100
243984
244188
244530
244720
244800
245157
245700
246240
246330
246675
247104
247520
247779
248400
248710
248976
249480
249964
250614
250800
251160
251328
251712
251940
252450
253368
254150
255024
255255
255645
255816
257040
257400
257600
258060
258336
258400
259350
259578
260015
260820
260832
261630
261800
262080
262200
262548
262752
263120
263340
263925
264537
265200
265650
266409
266475
266760
267444
268736
269100
269192
269280
269325
270270
270864
270963
271320
271700
272272
272688
273240
273600
273700
274482
275264
275310
275400
276276
276640
277134
277200
278208
278460
279072
279565
280098
280800
280896
281520
282150
282555
282744
283176
283360
284050
284240
284648
285120
285285
285600
286416
286902
287040
287280
287793
288288
288420
289575
289731
289800
290700
291720
292600
293436
293664
293930
294525
294840
294975
295596
296010
296400
297024
297160
298080
298350
298452
299200
300300
300960
301070
301392
302328
302400
302841
302940
303600
304304
304980
305235
305900
306306
306774
307648
307800
308448
308880
309400
309672
310080
311220
311850
312018
312455
312800
313950
314160
314640
314925
315744
316008
316710
318136
318240
318780
319200
319770
320112
320229
320320
321300
322575
322920
323136
323323
324324
325312
325584
326025
326040
326876
327600
327888
328185
328440
328900
329175
330372
331200
331968
332640
333450
334152
334305
334400
334880
335478
335920
336490
336600
336960
337824
338580
339066
339150
340032
340119
340340
340860
341088
341550
342342
342720
343200
344080
344736
345345
345800
346104
347760
348075
348381
348840
349600
350064
351120
351900
352716
353430
353600
353970
354200
355212
355300
355680
355810
356400
356592
357903
358020
358800
359100
360360
360525
361152
361284
361760
363584
364320
364650
365976
366282
366795
367080
367200
368368
368550
369495
369512
369600
370656
371280
371450
372600
373065
373464
374946
375360
376200
376740
376992
377568
377910
378675
380380
381225
381888
382536
383040
383724
384560
385560
386100
386308
386400
387090
387504
387600
388960
389025
389367
391248
391391
392700
393120
393300
393822
394128
394680
395010
395200
397670
397800
397936
398475
399168
400140
400400
401166
401856
403104
403650
403788
403920
404800
405405
406640
406980
407550
408408
408595
409032
409860
410400
410550
411723
411840
412896
412965
414414
414960
415701
415800
416024
417312
417690
418600
418608
418880
419520
419900
421200
421344
422280
423225
424116
425040
425425
426075
426360
426816
426972
428400
430100
430560
430920
432432
432630
434112
434700
434720
436050
436800
437184
437437
437580
437920
438900
440154
440496
440640
440895
443394
444015
444600
445536
445740
447304
447525
447678
448800
450450
451440
451605
452088
452200
453492
453600
454480
455400
456456
457470
458850
459459
460161
460460
461472
461890
463320
463680
464100
464508
465120
466752
466830
468027
468160
469200
470288
470925
471240
471744
471960
473616
474012
475200
475456
475475
477204
477360
478170
478400
478800
479655
480480
480700
481712
481950
482885
484380
484704
486200
487968
488376
489060
489440
490314
491400
492480
492660
493350
495040
495558
496800
497420
497952
498960
499928
500175
501228
501600
502320
503217
503880
504735
504900
506736
508300
508725
510048
510510
511290
511632
512325
513513
514080
514800
516120
516672
516800
518700
519156
520030
521640
521664
523260
523600
524400
525096
525504
526240
526680
527850
529074
530145
530400
531300
532818
532950
533520
533715
534888
538200
538384
538560
538650
540540
541728
541926
542640
543400
544544
545376
546480
546975
547400
548964
550620
550800
552552
553280
554268
554400
556920
557175
558144
559130
560196
561600
562419
563040
564300
565110
565488
566352
566720
566865
568100
568480
569296
570570
571200
572033
572832
573804
574560
575575
575586
576576
576840
579150
579462
579600
580635
581400
583440
585200
586872
587328
587860
589050
589680
589950
591192
592020
592515
592800
594320
596160
596505
596700
596904
600600
601749
601920
602140
602784
604656
605475
605682
605880
607200
608608
609960
610470
611325
611800
612612
613548
615600
615825
616896
617760
618800
619344
621621
621775
622440
623700
624036
624910
625600
626535
627900
628320
629280
629850
631488
632016
633420
636272
636480
637560
638400
639540
640224
640458
642600
645150
645840
646646
648648
648945
651168
652050
652080
653752
654075
655200
655776
656370
656880
657800
658350
660744
665280
666900
668304
668610
669760
670956
671517
671840
672980
673200
675648
675675
676039
677160
678132
678300
680238
680680
681720
682176
683100
684684
686205
686400
688160
688275
689472
690690
691600
692208
692835
695520
696150
696762
697680
699200
700128
700245
702240
703800
705432
706860
707940
708400
710424
710600
711360
711620
712800
713184
715806
716040
717255
717600
718200
720720
721050
722568
723520
728640
729300
731952
732564
733590
734160
734400
734825
735471
736736
737100
738990
739024
740025
741312
742560
742900
745200
746130
746928
749892
752400
752675
753480
753984
755136
755820
757350
760760
762450
765072
765765
766935
767448
769120
771120
772200
772616
772800
774180
775008
775200
777920
778050
778734
780045
782496
782782
785400
786240
786600
787644
788256
789360
790020
791775
793611
795340
795600
795872
796950
799425
800280
800800
802332
806208
807300
807576
807840
810810
812889
813280
813960
815100
816816
817190
818064
819720
820800
821100
823446
825792
825930
828828
829920
831402
831600
832048
834624
835380
837200
837216
838695
839800
841225
842400
842688
844560
846450
847665
848232
850080
850850
852150
852720
853944
855855
856800
860200
861120
861840
864864
865260
869193
869400
869440
872100
874874
875160
875840
877800
880308
880992
881790
883575
884925
886788
888030
889200
889525
891072
891480
894608
895050
895356
897600
900900
902880
903210
904176
904400
906984
907200
908523
908960
910800
912912
914940
915705
917700
918918
920322
920920
922944
923780
926640
928200
929016
930240
933660
936054
937365
938400
940576
941850
942480
943920
944775
947232
948024
950950
954408
954720
956340
957600
959310
960687
960960
961400
963424
963900
965770
967725
968760
969408
969969
972400
975936
976752
978120
978880
980628
982800
984555
985320
986700
987525
991116
993600
994175
994840
995904
997920
999856
1000350
1002456
1002915
1003200
1004640
1006434
1007760
1009470
1009800
1013472
1016600
1017450
1020096
1021020
1022580
1023264
1024650
1027026
1028160
1029600
1032240
1036035
1037400
1038312
1040060
1043280
1044225
1046520
1047200
1048800
1050192
1052480
1053360
1055700
1058148
1060290
1060800
1062347
1062600
1065636
1065900
1067040
1067430
1069776
1073709
1076400
1076768
1077300
1081080
1081575
1083456
1083852
1085280
1086800
1089088
1090752
1092960
1093950
1094800
1097928
1100385
1101240
1101600
1105104
1108485
1108536
1108800
1113840
1114350
1118260
1119195
1120392
1124838
1126080
1128600
1130220
1130976
1132704
1133730
1136200
1136960
1138592
1141140
1143675
1144066
1145664
1147608
1149120
1151150
1151172
1153680
1154725
1158300
1158924
1159200
1161270
1162800
1166880
1167075
1170400
1173744
1174173
1175720
1178100
1179360
1179900
1182384
1184040
1185030
1185600
1188640
1193010
1193400
1193808
1195425
1201200
1203498
1204280
1205568
1209312
1210950
1211364
1211760
1214400
1217216
1219920
1220940
1222650
1223600
1225224
1225785
1227096
1231200
1231650
1235520
1237600
1238688
1238895
1243242
1243550
1244880
1247103
1247400
1248072
1249820
1253070
1255800
1256640
1258560
1259700
1264032
1266840
1272544
1275120
1276275
1278225
1279080
1280448
1280916
1285200
1290300
1291680
1293292
1297296
1297890
1300075
1302336
1304100
1304160
1307504
1308150
1310400
1311552
1312311
1312740
1313760
1315600
1316700
1321488
1322685
1332045
1333800
1336608
1337220
1341912
1343034
1343680
1345960
1346400
1351350
1352078
1354320
1354815
1356264
1356600
1360476
1361360
1363440
1366200
1369368
1372410
1376320
1376550
1378377
1381380
1383200
1384416
1385670
1391040
1392300
1393524
1395360
1397825
1400256
1400490
1404081
1404480
1407600
1410864
1412775
1413720
1415880
1416800
1420848
1421200
1423240
1425600
1426368
1426425
1431612
1432080
1434510
1435200
1436400
1438965
1441440
1442100
1445136
1448655
1458600
1463904
1465128
1467180
1468320
1469650
1470942
1473472
1474200
1477980
1478048
1480050
1485120
1485800
1490400
1492260
1493856
1499784
1504800
1505350
1506960
1509651
1511640
1514205
1514700
1521520
1524900
1526175
1530144
1531530
1533870
1534896
1538240
1540539
1542240
1544400
1545232
1548360
1550016
1550400
1556100
1557468
1560090
1562275
1564992
1565564
1570800
1573200
1575288
1576512
1578720
1580040
1583550
1587222
1590680
1591200
1591744
1593900
1598850
1600560
1601145
1601600
1604664
1614600
1615152
1615680
1616615
1621620
1625778
1626560
1627920
1630200
1633632
1634380
1636128
1639440
1640925
1642200
1646892
1651860
1657656
1659840
1662804
1663200
1664096
1670760
1671525
1674400
1674432
1677390
1679600
1682450
1684800
1687257
1689120
1692900
1695330
1696464
1700160
1700595
1701700
1704300
1705440
1707888
1711710
1713600
1716099
1720400
1723680
1726725
1729728
1730520
1738386
1738800
1741905
1744200
1749748
1750320
1755600
1760616
1761984
1763580
1767150
1769850
1773576
1776060
1778400
1779050
1782960
1789216
1789515
1790100
1790712
1801800
1805760
1806420
1808352
1808800
1813968
1817046
1817920
1821600
1825824
1829880
1831410
1833975
1835400
1837836
1840644
1841840
1847475
1847560
1853280
1856400
1858032
1864863
1865325
1867320
1872108
1874730
1876800
1881152
1883700
1884960
1887840
1889550
1894464
1896048
1901900
1908816
1909440
1912680
1915200
1918620
1921374
1922800
1926848
1927800
1931540
1935450
1937520
1939938
1944800
1946835
1953504
1956240
1956955
1961256
1965600
1969110
1970640
1973400
1975050
1982232
1988350
1989680
1995840
1999712
2000700
2004912
2005830
2009280
2012868
2014551
2015520
2018940
2019600
2026944
2027025
2028117
2033200
2034900
2042040
2042975
2045160
2046528
2049300
2054052
2058615
2059200
2064480
2064825
2072070
2074800
2076624
2078505
2080120
2086560
2088450
2093040
2094400
2097600
2100384
2106720
2111400
2116296
2120580
2124694
2125200
2131272
2131800
2134080
2134860
2139552
2147418
2152800
2153536
2154600
2162160
2163150
2167704
2170560
2173600
2185920
2187185
2187900
2189600
2195856
2200770
2202480
2203200
2204475
2206413
2210208
2216970
2217072
2220075
2227680
2228700
2236520
2238390
2240784
2249676
2257200
2258025
2260440
2261952
2265408
2267460
2272400
2277184
2282280
2287350
2288132
2295216
2297295
2300805
2302300
2302344
2307360
2309450
2316600
2317848
2318400
2322540
2325600
2333760
2334150
2340135
2340800
2347488
2348346
2351440
2356200
2358720
2359800
2364768
2368080
2370060
2377280
2380833
2386020
2386800
2387616
2390850
2398275
2402400
2406996
2408560
2414425
2418624
2421900
2422728
2423520
2438667
2439840
2441880
2445300
2447200
2450448
2451570
2454192
2462400
2463300
2475200
2477376
2477790
2486484
2487100
2489760
2494206
2494800
2496144
2499640
2506140
2511600
2516085
2519400
2523675
2528064
2533680
2545088
2550240
2552550
2556450
2558160
2561832
2567565
2570400
2580600
2583360
2586584
2594592
2595780
2600150
2607579
2608200
2608320
2615008
2616300
2624622
2625480
2627520
2631200
2633400
2642976
2645370
2650725
2664090
2667600
2668575
2673216
2674440
2683824
2686068
2691920
2692800
2702700
2704156
2708640
2709630
2712528
2713200
2720952
2722720
2725569
2726880
2732400
2738736
2744820
2753100
2756754
2762760
2766400
2768832
2771340
2784600
2787048
2790720
2795650
2800980
2808162
2812095
2815200
2821728
2825550
2827440
2831760
2833600
2834325
2841696
2842400
2846480
2852850
2860165
2863224
2864160
2869020
2872800
2877930
2882061
2882880
2884200
2890272
2897310
2903175
2909907
2917200
2927808
2930256
2934360
2936640
2939300
2941884
2948400
2955960
2956096
2960100
2962575
2971600
2980800
2982525
2984520
2987712
2999568
3008745
3009600
3010700
3013920
3019302
3023280
3028410
3029400
3043040
3049800
3052350
3060288
3063060
3067740
3069792
3081078
3084480
3088800
3090464
3096720
3108105
3112200
3114936
3120180
3124550
3131128
3132675
3141600
3146400
3150576
3157440
3160080
3167100
3174444
3181360
3182400
3187041
3187800
3197700
3201120
3202290
3209328
3221127
3229200
3230304
3233230
3243240
3244725
3251556
3255840
3260400
3267264
3268760
3272256
3278880
3281850
3284400
3293784
3303720
3315312
3325608
3326400
3328192
3341520
3343050
3348800
3354780
3357585
3359200
3364900
3374514
3378240
3380195
3385800
3390660
3392928
3401190
3403400
3408600
3410880
3415776
3423420
3431025
3432198
3440800
3447360
3453450
3461040
3464175
3476772
3477600
3483810
3488400
3499496
3500640
3501225
3511200
3521232
3522519
3527160
3534300
3539700
3547152
3552120
3556800
3558100
3565920
3578432
3579030
3580200
3581424
3586275
3603600
3612840
3616704
3617600
3627936
3634092
3643200
3651648
3659760
3662820
3667950
3670800
3675672
3677355
3681288
3683680
3694950
3695120
3706560
3712800
3716064
3729726
3730650
3734640
3741309
3744216
3749460
3767400
3769920
3775680
3779100
3792096
3803800
3817632
3825360
3828825
3834675
3837240
3842748
3845600
3855600
3863080
3870900
3875040
3879876
3889600
3893670
3900225
3907008
3912480
3913910
3922512
3931200
3936933
3938220
3941280
3946800
3950100
3964464
3968055
3976700
3979360
3999424
4001400
4009824
4011660
4025736
4029102
4031040
4037880
4039200
4054050
4056234
4064445
4066400
4069800
4084080
4085950
4090320
4098600
4108104
4117230
4128960
4129650
4144140
4149600
4153248
4157010
4160240
4173120
4176900
4186080
4193475
4200768
4212243
4213440
4222800
4232592
4238325
4241160
4249388
4250400
4262544
4263600
4269720
4279104
4279275
4294836
4305600
4309200
4324320
4326300
4335408
4345965
4347200
4374370
4375800
4379200
4391712
4401540
4404960
4408950
4412826
4420416
4433940
4434144
4440150
4455360
4457400
4473040
4476780
4481568
4499352
4514400
4516050
4520880
4528953
4534920
4542615
4544800
4564560
4574700
4576264
4578525
4590432
4594590
4601610
4604600
4604688
4614720
4618900
4633200
4635696
4645080
4651200
4668300
4680270
4686825
4694976
4696692
4702880
4712400
4719600
4729536
4736160
4740120
4761666
4772040
4773600
4775232
4781700
4796550
4803435
4804800
4813992
4817120
4828850
4843800
4845456
4847040
4849845
4877334
4879680
4883760
4890600
4894400
4900896
4903140
4908384
4922775
4926600
4955580
4972968
4974200
4979520
4988412
4989600
4992288
4999280
5012280
5014575
5023200
5032170
5038800
5047350
5061771
5067360
5100480
5105100
5112900
5116320
5123664
5135130
5140800
5148297
5161200
5173168
5180175
5189184
5191560
5200300
5215158
5216400
5230016
5232600
5249244
5250960
5262400
5266800
5285952
5290740
5301450
5311735
5328180
5335200
5337150
5348880
5367648
5368545
5372136
5383840
5405400
5408312
5417280
5419260
5425056
5426400
5441904
5445440
5451138
5453760
5464800
5477472
5489640
5501925
5506200
5513508
5525520
5542425
5542680
5569200
5574096
5591300
5595975
5601960
5616324
5624190
5630400
5643456
5651100
5654880
5663520
5668650
5683392
5684800
5692960
5705700
5720330
5726448
5728320
5738040
5745600
5755860
5764122
5768400
5780544
5794620
5806350
5819814
5834400
5860512
5868720
5870865
5878600
5883768
5896800
5911920
5920200
5925150
5943200
5965050
5969040
5999136
6017490
6021400
6027840
6038604
6046560
6056820
6058800
6084351
6086080
6099600
6104700
6126120
6128925
6135480
6139584
6162156
6177600
6180928
6193440
6194475
6216210
6224400
6229872
6235515
6240360
6249100
6262256
6265350
6283200
6292800
6301152
6320160
6334200
6348888
6362720
6374082
6375600
6395400
6402240
6404580
6418656
6442254
6458400
6460608
6466460
6486480
6489450
6503112
6511680
6520800
6537520
6557760
6561555
6563700
6568800
6587568
6607440
6613425
6619239
6630624
6651216
6660225
6683040
6686100
6709560
6715170
6718400
6729800
6749028
6760390
6771600
6774075
6781320
6785856
6802380
6806800
6817200
6831552
6846840
6862050
6864396
6881600
6891885
6906900
6922080
6928350
6953544
6955200
6967620
6976800
6998992
7001280
7002450
7020405
7022400
7042464
7045038
7054320
7068600
7079400
7094304
7104240
7116200
7131840
7158060
7160400
7162848
7172550
7194825
7207200
7225680
7243275
7255872
7268184
7319520
7325640
7335900
7341600
7351344
7354710
7362576
7367360
7389900
7390240
7425600
7432128
7436429
7459452
7461300
7469280
7482618
7488432
7498920
7534800
7548255
7558200
7571025
7584192
7607600
7635264
7650720
7657650
7669350
7674480
7685496
7691200
7702695
7711200
7726160
7741800
7750080
7759752
7787340
7800450
7822737
7824960
7827820
7845024
7873866
7876440
7882560
7893600
7900200
7928928
7936110
7953400
7958720
8002800
8005725
8019648
8023320
8051472
8058204
8075760
8078400
8083075
8108100
8112468
8128890
8132800
8139600
8168160
8171900
8180640
8197200
8216208
8234460
8259300
8288280
8299200
8306496
8314020
8320480
8353800
8372160
8386950
8424486
8436285
8445600
8465184
8476650
8482320
8498776
8500800
8502975
8525088
8527200
8539440
8558550
8580495
8589672
8618400
8648640
8652600
8670816
8691930
8709525
8729721
8748740
8751600
8783424
8803080
8809920
8817900
8825652
8867880
8868288
8880300
8914800
8946080
8947575
8953560
8963136
8998704
9028800
9032100
9041760
9057906
9069840
9085230
9089600
9129120
9149400
9152528
9157050
9180864
9189180
9203220
9209200
9209376
9237800
9266400
9271392
9290160
9324315
9336600
9360540
9373650
9393384
9405760
9424800
9439200
9472320
9480240
9523332
9544080
9547200
9561123
9563400
9593100
9606870
9627984
9634240
9657700
9687600
9690912
9699690
9734175
9754668
9767520
9781200
9784775
9801792
9806280
9816768
9845550
9853200
9911160
9945936
9948400
9976824
9979200
9984576
9998560
10024560
10029150
10046400
10064340
10072755
10077600
10094700
10123542
10134720
10140585
10210200
10225800
10232640
10247328
10270260
10293075
10296594
10322400
10346336
10360350
10383120
10392525
10400600
10430316
10432800
10465200
10498488
10501920
10533600
10567557
10581480
10602900
10623470
10656360
10670400
10674300
10697760
10735296
10737090
10744272
10767680
10810800
10816624
10838520
10850112
10852800
10883808
10902276
10929600
10935925
10954944
10979280
11003850
11012400
11027016
11032065
11051040
11084850
11085360
11138400
11148192
11182600
11191950
11203920
11232648
11248380
11302200
11309760
11327040
11337300
11385920
11411400
11440660
11452896
11476080
11486475
11504025
11511720
11528244
11536800
11589240
11612700
11639628
11668800
11700675
11721024
11737440
11741730
11757200
11767536
11793600
11810799
11823840
11840400
11850300
11886400
11904165
11930100
11938080
11998272
12034980
12042800
12077208
12093120
12113640
12117600
12168702
12193335
12199200
12209400
12252240
12257850
12270960
12324312
12386880
12388950
12432420
12448800
12459744
12471030
12480720
12498200
12524512
12530700
12580425
12602304
12640320
12668400
12697776
12725440
12748164
12751200
12790800
12809160
12837312
12837825
12884508
12916800
12932920
12972960
12978900
13006224
13037895
13041600
13075040
13123110
13127400
13137600
13175136
13214880
13226850
13238478
13261248
13302432
13320450
13366080
13372200
13419120
13430340
13459600
13498056
13520780
13543200
13548150
13562640
13604760
13613600
13627845
13634400
13693680
13724100
13728792
13783770
13813800
13844160
13856700
13907088
13935240
13953600
13997984
14004900
14040810
14060475
14084928
14090076
14108640
14137200
14158800
14188608
14208480
14232400
14300825
14316120
14320800
14325696
14345100
14389650
14410305
14414400
14451360
14486550
14536368
14549535
14639040
14651280
14671800
14683200
14702688
14709420
14725152
14779800
14780480
14872858
14918904
14922600
14938560
14965236
14976864
14997840
15043725
15069600
15096510
15116400
15142050
15215200
15301440
15315300
15338700
15348960
15370992
15405390
15422400
15444891
15452320
15483600
15519504
15540525
15574680
15600900
15645474
15655640
15690048
15747732
15752880
15787200
15800400
15857856
15872220
15906800
15935205
16005600
16011450
16046640
16102944
16105635
16116408
16151520
16166150
16216200
16224936
16257780
16279200
16336320
16343800
16361280
16394400
16432416
16468920
16518600
16576560
16628040
16640960
16707600
16773900
16787925
16848972
16872570
16891200
16900975
16930368
16953300
16964640
16997552
17005950
17050176
17054400
17078880
17117100
17160990
17179344
17236800
17305200
17341632
17383860
17419050
17459442
17497480
17503200
17606160
17612595
17635800
17651304
17735760
17760600
17829600
17892160
17895150
17907120
17997408
18064200
18083520
18115812
18139680
18170460
18253053
18258240
18298800
18305056
18314100
18378360
18386775
18406440
18418400
18418752
18475600
18532800
18542784
18580320
18648630
18673200
18706545
18721080
18747300
18786768
18849600
18878400
18960480
19046664
19088160
19122246
19126800
19186200
19213740
19255968
19315400
19375200
19381824
19399380
19468350
19509336
19535040
19562400
19569550
19612560
19684665
19691100
19706400
19822320
19840275
19891872
19896800
19953648
19997120
20049120
20058300
20128680
20145510
20155200
20189400
20247084
20281170
20322225
20420400
20451600
20494656
20540520
20586150
20593188
20644800
20692672
20720700
20766240
20785050
20801200
20860632
20865600
20930400
20996976
21003840
21061215
21067200
21135114
21162960
21205800
21246940
21312720
21348600
21395520
21474180
21488544
21621600
21633248
21677040
21729825
21767616
21804552
21871850
21958560
22007700
22024800
22054032
22064130
22102080
22169700
22170720
22276800
22296384
22309287
22365200
22383900
22407840
22465296
22496760
22604400
22644765
22674600
22713075
22822800
22881320
22905792
22952160
22972950
23008050
23023440
23056488
23073600
23178480
23225400
23279256
23401350
23474880
23483460
23514400
23535072
23621598
23647680
23680800
23700600
23808330
23860200
23876160
24017175
24069960
24085600
24154416
24227280
24235200
24249225
24337404
24386670
24398400
24418800
24504480
24515700
24541920
24648624
24777900
24864840
24897600
24919488
24942060
24961440
24996400
25049024
25061400
25160850
25308855
25336800
25395552
25496328
25502400
25581600
25618320
25675650
25741485
25769016
25865840
25945920
25957800
26012448
26075790
26150080
26189163
26246220
26254800
26350272
26429760
26453700
26476956
26558675
26604864
26640900
26744400
26838240
26842725
26860680
26919200
26996112
27041560
27086400
27096300
27125280
27209520
27227200
27255690
27268800
27387360
27448200
27457584
27567540
27627600
27713400
27814176
27870480
27995968
28009800
28081620
28120950
28180152
28217280
28274400
28317600
28416960
28464800
28601650
28632240
28641600
28683369
28690200
28779300
28820610
28902720
28973100
29072736
29099070
29302560
29343600
29354325
29405376
29418840
29450304
29559600
29745716
29837808
29845200
29930472
29953728
29995680
30087450
30139200
30193020
30232800
30284100
30421755
30430400
30630600
30677400
30697920
30741984
30810780
30889782
30904640
30967200
31039008
31081050
31149360
31177575
31201800
31290948
31311280
31495464
31505760
31600800
31702671
31744440
31813600
31870410
32011200
32022900
32093280
32205888
32211270
32232816
32303040
32332300
32432400
32449872
32515560
32558400
32687600
32788800
32807775
32864832
32937840
33037200
33096195
33153120
33256080
33415200
33547800
33575850
33697944
33745140
33801950
33906600
33929280
33995104
34011900
34157760
34234200
34321980
34358688
34459425
34610400
34767720
34838100
34918884
34994960
35006400
35102025
35212320
35225190
35271600
35302608
35432397
35471520
35521200
35659200
35790300
35814240
35994816
36128400
36231624
36279360
36340920
36506106
36597600
36610112
36628200
36756720
36773550
36812880
36836800
36951200
37160640
37182145
37297260
37346400
37413090
37442160
37494600
37573536
37741275
37920960
38093328
38176320
38244492
38253600
38372400
38427480
38511936
38513475
38630800
38750400
38798760
38936700
39018672
39113685
39124800
39139100
39225120
39369330
39382200
39412800
39644640
39680550
39783744
39793600
39907296
40098240
40116600
40257360
40291020
40378800
40494168
40562340
40644450
40840800
40903200
41081040
41172300
41186376
41441400
41532480
41570100
41602400
41721264
41860800
41993952
42122430
42181425
42270228
42325920
42411600
42493880
42625440
42697200
42902475
42948360
42977088
43243200
43266496
43354080
43459650
43609104
43648605
43743700
43917120
44015400
44049600
44108064
44128260
44339400
44341440
44618574
44730400
44767800
44815680
44930592
44993520
45208800
45289530
45349200
45426150
45645600
45762640
45904320
45945900
46016100
46046880
46112976
46334673
46356960
46450800
46558512
46621575
46802700
46966920
47028800
47070144
47243196
47361600
47401200
47616660
47720400
47805615
48034350
48139920
48171200
48308832
48454560
48498450
48674808
48773340
48837600
49008960
49031400
49083840
49297248
49555800
49729680
49884120
49922880
49992800
50122800
50321700
50363775
50617710
50673600
50702925
50791104
50992656
51163200
51236640
51351300
51482970
51538032
51731680
51915600
52024896
52151580
52378326
52492440
52509600
52837785
52907400
52953912
53117350
53281800
53488800
53676480
53685450
53721360
53838400
53992224
54083120
54192600
54250560
54419040
54511380
54759159
54774720
54896400
54915168
55135080
55160325
55255200
55426800
55628352
55740960
56019600
56163240
56241900
56360304
56548800
56635200
56929600
57203300
57264480
57366738
57380400
57558600
57641220
57946200
58145472
58198140
58605120
58687200
58708650
58837680
59053995
59119200
59491432
59520825
59675616
59690400
59860944
59991360
60174900
60386040
60465600
60568200
60843510
60966675
61261200
61354800
61483968
61621560
61779564
61934400
62078016
62162100
62298720
62355150
62403600
62581896
62622560
62990928
63011520
63201600
63405342
63488880
63627200
63740820
64045800
64186560
64422540
64465632
64664600
64864800
64899744
65031120
65189475
65375200
65615550
65875680
66074400
66192390
66306240
66512160
66830400
66927861
67095600
67151700
67395888
67490280
67603900
67813200
67990208
68023800
68139225
68468400
68643960
68717376
68918850
69220800
69535440
69676200
69837768
69989920
70204050
70424640
70450380
70543200
70605216
70864794
70943040
71042400
71580600
71628480
72051525
72256800
72463248
72681840
72747675
73012212
73195200
73256400
73513440
73547100
73625760
73902400
74364290
74594520
74692800
74826180
74884320
74989200
75147072
75482550
76186656
76488984
76507200
76744800
76854960
77026950
77224455
77261600
77597520
77873400
78037344
78227370
78278200
78450240
78738660
78764400
79289280
79361100
79676025
79814592
80233200
80514720
80528175
80582040
80757600
80988336
81124680
81288900
81681600
81806400
82162080
82344600
82372752
82882800
83140200
83204800
83442528
83987904
84244860
84362850
84540456
84651840
84823200
84987760
85250880
85394400
85804950
85896720
86050107
86708160
86919300
87218208
87297210
87487400
88030800
88062975
88216128
88256520
88678800
89237148
89460800
89535600
89861184
89987040
90417600
90579060
90698400
90852300
91265265
91291200
91525280
91891800
92032200
92093760
92225952
92669346
92713920
92901600
93117024
93243150
93532725
93605400
93933840
94486392
94802400
95233320
95440800
95611230
96068700
96279840
96617664
96909120
96996900
97349616
97546680
97675200
98062800
98423325
98594496
99111600
99459360
99768240
99985600
100245600
100643400
100727550
101235420
101405850
101985312
102473280
102702600
102965940
103076064
103463360
103831200
104303160
104756652
104984880
105019200
105306075
105675570
105814800
105907824
106234700
106563600
106977600
107370900
107442720
107984448
108166240
108385200
108838080
109022760
109518318
109792800
109830336
110270160
110320650
110510400
110853600
111481920
111546435
112039200
112326480
112483800
112720608
113223825
114406600
114528960
114733476
114760800
115117200
115282440
115892400
116396280
117374400
117417300
117675360
118107990
118238400
118982864
119041650
119351232
119380800
119721888
120349800
120772080
121136400
121687020
121933350
122522400
122709600
123243120
123559128
124324200
124597440
124710300
124807200
125163792
125245120
125981856
126544275
126810684
126977760
127481640
128091600
128707425
128845080
128931264
129329200
129729600
129799488
130062240
130378950
130750400
130945815
131231100
131751360
132148800
132384780
133024320
133855722
134191200
134303400
134791776
134980560
135207800
135626400
136047600
136278450
136936800
137287920
137837700
139070880
139352400
139675536
139979840
140408100
140900760
141086400
141210432
141729588
142084800
143161200
143416845
144103050
144513600
144926496
145363680
145495350
146024424
146512800
147026880
147094200
147251520
148728580
149189040
149652360
149768640
149978400
150965100
152108775
152373312
152977968
153489600
153709920
154053900
154448910
154523200
155195040
155746800
156074688
156454740
156556400
157477320
157528800
158513355
158722200
159352050
160466400
161029440
161056350
161164080
161515200
161976672
162249360
162577800
164324160
164689200
164745504
165480975
165765600
166280400
166885056
168489720
168725700
169080912
169646400
169975520
170788800
171609900
171793440
172100214
173838600
174436416
174594420
174974800
176061600
176125950
176513040
177161985
177357600
178474296
179071200
179974080
181158120
181396800
181704600
182530530
183050560
183783600
184064400
184451904
185338692
185803200
185910725
186234048
186486300
187065450
187210800
187867680
188972784
189604800
190466640
190881600
191222460
192137400
192559680
193993800
194699232
195093360
195568425
196125600
196846650
198223200
198918720
199536480
200491200
200783583
201286800
201455100
202470840
202811700
203970624
205405200
205931880
206152128
207662400
208606320
209513304
209969760
210612150
211351140
211629600
211815648
212469400
213127200
214741800
214885440
216332480
216770400
218045520
218243025
219036636
219585600
220540320
220641300
221707200
223092870
224078400
224652960
224967600
225441216
226447650
228813200
229466952
229521600
230234400
230564880
231673365
231784800
232792560
234834600
235350720
236215980
237965728
238083300
239028075
239443776
240699600
241544160
242272800
243374040
243866700
245044800
245419200
246486240
247118256
248648400
249420600
249614400
250327584
251963712
253088550
253621368
253955520
254963280
256183200
257414850
257690160
258658400
260124480
260757900
261891630
262462200
264188925
264769560
267711444
268382400
268606800
269583552
269961120
270415600
271252800
272095200
272556900
273795795
273873600
274575840
275675400
278141760
278704800
279351072
280816200
281801520
283459176
286322400
286833690
288206100
289852992
290727360
290990700
292048848
293025600
294188400
295269975
297457160
298378080
299304720
299956800
301930200
304217550
305955936
307419840
308107800
308897820
310390080
311493600
312909480
313112800
314954640
315057600
317026710
317444400
318704100
320932800
322112700
322328160
323953344
324498720
325155600
329378400
329491008
330961950
331531200
332560800
334639305
336979440
337451400
338161824
339951040
343219800
343586880
344200428
347677200
349188840
349949600
352123200
352251900
353026080
354323970
354715200
356948592
358142400
362316240
363409200
365061060
367567200
368128800
370677384
371821450
372972600
374130900
374421600
375735360
377945568
380933280
382444920
384274800
386122275
387987600
389398464
390186720
391136850
392251200
393693300
396446400
399072960
401567166
402573600
402910200
404941680
405623400
410810400
411863760
417212640
419026608
419939520
421224300
422702280
423259200
423631296
424938800
426254400
429483600
430250535
433540800
436091040
436486050
438073272
441080640
441282600
446185740
449305920
449935200
452895300
456326325
457626400
458933904
460468800
461129760
463346730
463569600
465585120
469669200
472431960
475931456
476166600
478056150
481399200
483088320
484545600
486748080
487733400
492972480
494236512
497296800
498841200
500655168
506177100
507242736
509926560
512366400
514829700
515380320
517316800
521515800
523783260
524924400
528377850
529539120
535422888
537213600
539922240
540831200
544190400
545113800
547591590
549151680
551350800
557409600
557732175
558702144
561632400
563603040
566918352
572644800
573667380
576412200
581981400
584097696
588376800
590539950
594914320
596756160
598609440
602350749
603860400
608435100
611911872
616215600
617795640
622987200
625818960
626225600
629909280
634053420
634888800
637408200
644225400
644656320
648997440
650311200
654729075
658756800
661923900
665121600
669278610
673958880
674902800
676323648
686439600
688400856
695354400
698377680
699899200
704503800
706052160
708647940
713897184
717084225
724632480
726818400
730122120
735134400
736257600
741354768
743642900
745945200
748261800
748843200
755891136
761866560
764889840
768549600
772244550
775975200
780373440
782273700
787386600
792566775
803134332
805147200
805820400
809883360
811246800
821620800
823727520
834425280
838053216
842448600
845404560
849877600
858967200
860501070
872182080
872972100
876146544
882565200
885809925
892371480
899870400
905790600
912652650
915252800
917867808
922259520
926693460
931170240
939338400
944863920
952333200
956112300
962798400
973496160
975466800
988473024
994593600
997682400
1003917915
1012354200
1014485472
1019853120
1029659400
1030760640
1043031600
1047566520
1049848800
1056755700
1059078240
1070845776
1074427200
1081662400
1090227600
1095183180
1102701600
1115464350
1123264800
1127206080
1133836704
1147334760
1152824400
1158366825
1163962800
1168195392
1176753600
1181079900
1189828640
1197218880
1204701498
1207720800
1216870200
1232431200
1235591280
1251637920
1259818560
1268106840
1269777600
1274816400
1288450800
1300622400
1309458150
1323847800
1338557220
1347917760
1349805600
1368978975
1372879200
1376801712
1390708800
1396755360
1409007600
1417295880
1427794368
1434168450
1449264960
1453636800
1460244240
1482709536
1487285800
1491890400
1496523600
1529779680
1537099200
1544489100
1551950400
1564547400
1574773200
1585133550
1606268664
1611640800
1619766720
1622493600
1647455040
1673196525
1676106432
1684897200
1690809120
1699755200
1717934400
1721002140
1745944200
1752293088
1765130400
1771619850
1784742960
1811581200
1825305300
1835735616
1853386920
1878676800
1889727840
1904666400
1912224600
1946992320
1950933600
1995364800
2007835830
2024708400
2028970944
2059318800
2086063200
2095133040
2099697600
2113511400
2118156480
2141691552
2151252675
2180455200
2190366360
2205403200
2230928700
2246529600
2267673408
2294669520
2305648800
2316733650
2327925600
2362159800
2379657280
2409402996
2415441600
2433740400
2464862400
2471182560
2503275840
2536213680
2549632800
2576901600
2618916300
2647695600
2677114440
2699611200
2737957950
2745758400
2753603424
2793510720
2818015200
2834591760
2868336900
2920488480
2965419072
2974571600
2983780800
2993047200
3011753745
3059559360
3088978200
3129094800
3149546400
3170267100
3212537328
3223281600
3244987200
3346393050
3369794400
3381618240
3442004280
3491888400
3504586176
3530260800
3543239700
3569485920
3623162400
3650610600
3706773840
3779455680
3809332800
3824449200
3901867200
4015671660
4049416800
4118637600
4172126400
4190266080
4227022800
4283383104
4302505350
4360910400
4380732720
4461857400
4589339040
4611297600
4633467300
4655851200
4724319600
4818805992
4867480800
4942365120
5019589575
5072427360
5099265600
5153803200
5237832600
5295391200
5354228880
5475915900
5507206848
5636030400
5669183520
5736673800
5840976960
5949143200
5986094400
6023507490
6177956400
6258189600
6299092800
6340534200
6425074656
6692786100
6739588800
6884008560
6983776800
7086479400
7138971840
7246324800
7301221200
7413547680
7648898400
8031343320
8098833600
8237275200
8380532160
8454045600
8605010700
8761465440
8923714800
9178678080
9266934600
9448639200
9637611984
9734961600
10039179150
10144854720
10475665200
10590782400
10708457760
10951831800
11338367040
11473347600
11898286400
12047014980
12355912800
12516379200
12681068400
12850149312
13385572200
13768017120
13967553600
14172958800
14602442400
14827095360
15058768725
15297796800
16062686640
16908091200
17210021400
17522930880
17847429600
18533869200
18897278400
19275223968
20078358300
20951330400
21416915520
21903663600
22946695200
24094029960
24711825600
25362136800
26771144400
27536034240
28345917600
29204884800
30117537450
32125373280
34420042800
35694859200
37067738400
38550447936
40156716600
41902660800
43807327200
45893390400
48188059920
50724273600
53542288800
56691835200
60235074900
64250746560
68840085600
74135476800
80313433200
87614654400
96376119840
107084577600
120470149800
137680171200
160626866400
192752239680
240940299600
321253732800
481880599200
963761198400
