1
2
3
5
6
7
10
11
13
14
15
17
19
21
22
23
26
29
30
31
33
34
35
38
39
42
46
51
55
57
58
62
65
66
69
70
77
78
85
87
91
93
95
102
105
110
114
115
119
130
133
138
143
145
154
155
161
165
170
174
182
186
187
190
195
203
209
210
217
221
230
231
238
247
253
255
266
273
285
286
290
299
310
319
322
323
330
341
345
357
374
377
385
390
391
399
403
406
418
429
434
435
437
442
455
462
465
483
493
494
506
510
527
546
551
561
570
589
595
598
609
627
638
646
651
663
665
667
682
690
713
714
715
741
754
759
770
782
798
805
806
858
870
874
897
899
910
930
935
957
966
969
986
1001
1015
1023
1045
1054
1085
1102
1105
1122
1131
1155
1173
1178
1190
1209
1218
1235
1254
1265
1302
1309
1311
1326
1330
1334
1365
1426
1430
1463
1479
1482
1495
1518
1547
1581
1595
1610
1615
1653
1705
1729
1767
1771
1785
1794
1798
1870
1885
1914
1938
1955
1995
2001
2002
2015
2030
2046
2090
2093
2139
2145
2170
2185
2210
2233
2261
2262
2310
2346
2387
2415
2418
2431
2465
2470
2530
2618
2622
2635
2639
2697
2717
2730
2737
2755
2805
2821
2926
2945
2958
2990
3003
3045
3059
3094
3135
3162
3190
3230
3255
3289
3306
3315
3335
3410
3451
3458
3534
3542
3553
3565
3570
3689
3705
3770
3795
3857
3910
3927
3990
4002
4030
4123
4147
4186
4199
4278
4290
4301
4370
4389
4433
4466
4485
4495
4522
4641
4669
4774
4785
4807
4830
4845
4862
4930
4991
5005
5083
5115
5187
5270
5278
5313
5394
5423
5434
5474
5510
5610
5642
5655
5681
5797
5865
5890
6006
6045
6061
6090
6118
6270
6279
6293
6409
6479
6510
6545
6555
6578
6630
6670
6699
6783
6851
6902
7106
7130
7161
7163
7293
7315
7337
7378
7395
7410
7429
7590
7657
7714
7735
7843
7854
7905
7917
8151
8211
8246
8265
8294
8398
8463
8602
8645
8671
8778
8835
8855
8866
8970
8990
9177
9269
9282
9338
9367
9570
9614
9690
9867
9889
9982
10005
10010
10013
10166
10230
10353
10374
10465
10626
10659
10695
10846
11067
11165
11305
11310
11339
11362
11571
11594
11687
11730
11935
12090
12121
12122
12155
12369
12441
12558
12586
12597
12673
12818
12903
12958
13090
13110
13195
13299
13398
13485
13547
13566
13585
13685
13702
14007
14105
14322
14326
14421
14586
14630
14674
14790
14858
14973
15015
15249
15283
15295
15314
15470
15686
15810
15834
16269
16302
16422
16445
16530
16926
17017
17043
17081
17255
17290
17342
17391
17670
17710
17765
18183
18354
18445
18538
18734
18879
19019
19227
19285
19437
19635
19734
19778
20010
20026
20553
20615
20677
20706
20735
20930
20995
21318
21390
21489
21505
21945
22011
22134
22165
22287
22330
22610
22678
22971
23023
23142
23205
23345
23374
23529
23870
24035
24242
24310
24738
24871
24882
24955
25194
25346
25415
25806
25935
26013
26390
26565
26598
26970
27094
27115
27170
27370
27807
28014
28101
28210
28405
28842
28985
29029
29393
29667
29946
30030
30039
30107
30305
30498
30566
30590
31031
31395
31465
32045
32395
32538
32890
33495
33649
33915
34017
34034
34086
34162
34255
34510
34782
35061
35530
35581
35805
35815
36363
36366
36465
36685
36890
37145
37758
37961
38019
38038
38285
38454
38570
38874
39215
39270
39585
39767
40579
40641
40755
41055
41106
41230
41354
41470
41990
42315
42427
42978
43010
43355
43890
44022
44330
44574
44863
45353
45849
45885
45942
46046
46189
46345
46410
46690
46835
47058
47957
48070
49335
49445
49742
49910
50065
50141
50830
51051
51243
51359
51765
51870
52003
52026
53130
53295
53599
54230
54901
55335
55614
55913
56202
56695
56810
57057
57855
57970
58058
58435
58786
59334
60078
60214
60605
60610
60697
61845
62031
62062
62205
62491
62790
62930
62985
63365
64090
64515
64790
64883
65569
66495
66990
67298
67735
67830
68034
68510
69069
69223
70035
70091
70122
70499
71162
71610
71630
72105
72726
72930
73370
74290
74613
74865
75361
75922
76038
76245
76415
76570
78430
78793
79170
79373
79534
81158
81282
81345
81510
81719
81809
82110
84227
84630
84847
84854
85085
85215
85405
86710
86955
87087
88179
88711
89726
90321
90706
90915
91698
91770
92378
92690
93093
93670
94395
94829
95095
95381
95914
96135
96577
97185
98670
98890
100130
100282
100947
101959
102102
102486
102718
102765
103037
103385
103530
104006
106590
106743
106981
107198
107445
109802
110055
110143
110670
111435
111826
113390
113883
114114
114855
115115
115710
116870
117645
119301
119567
121210
121394
121737
121771
123690
124062
124355
124410
124729
124982
125970
126730
127281
128557
129030
129766
130065
130169
131138
132990
133331
134589
135470
136059
138138
138446
138567
139035
139403
140070
140182
140505
140998
143871
144210
144739
145145
146965
147407
148335
149017
149226
149730
150195
150423
150535
150722
152490
152830
154077
155155
156009
157573
157586
158746
160797
162690
163438
163618
164703
164749
167739
168113
168245
168454
169694
170085
170170
170430
170810
173910
174174
175305
176111
176358
177422
177905
180642
181815
181830
182091
186186
187473
187891
188790
189658
189805
190095
190190
190762
192270
193154
194370
194649
196707
198679
198835
201894
202895
203205
203918
205530
206074
206770
207669
210273
211497
212135
213486
213962
214890
215441
220110
220286
222053
222870
224315
226083
226765
227447
227766
229245
229710
230230
230299
230945
235290
236379
238119
238602
239134
239785
243474
243542
245157
245427
248710
249458
250705
252681
254541
254562
255255
256215
256795
257114
260015
260130
260338
266133
266662
267995
268801
269178
272118
274505
277134
278070
278806
279565
281010
284487
285285
286143
287742
289478
289731
290290
290377
293930
294814
296670
298034
300390
300846
301070
303485
305877
308154
309111
310155
310310
312018
312455
315146
320943
321594
323323
324415
327845
329406
329498
330429
335478
336226
336490
340170
345345
346115
350455
350610
351509
352222
352495
355810
358701
363630
364182
365313
373065
374187
374946
375782
376805
379610
380190
385671
389298
390507
391391
392863
393414
393965
396865
397358
397670
399993
405790
406410
408595
409045
415338
418209
420546
421135
422994
424235
424270
430882
434217
435435
437437
440895
442221
443555
444106
447051
448630
451605
452166
453530
454894
458490
460598
461890
465465
472719
472758
474145
476238
476905
479570
482885
490314
490854
493493
494247
501410
504339
504735
505362
509082
509795
510510
512430
513590
515185
520030
527527
528333
532266
533715
534905
535990
537602
549010
550715
551551
559130
563673
568974
569415
570570
572033
572286
579462
580754
589589
596037
596505
597835
606970
608685
608855
611754
618222
620310
623645
624910
636405
641886
642785
646323
646646
648830
650845
655690
660858
666159
666655
667667
672945
676039
680295
682341
690690
690897
692230
692835
697015
700910
703018
704990
713713
717402
719355
721259
723695
730626
737035
745085
746130
748374
752115
753610
770385
771001
771342
780045
781014
782782
785726
787865
787930
793730
799986
803985
806403
817190
818090
823515
823745
836418
838695
840565
842270
848470
852397
868434
870870
871131
873103
874874
880555
881790
884442
887110
894102
899899
903210
910455
911183
930930
933317
937365
939455
945438
948290
953810
965770
969969
973245
975821
983535
986986
988494
993395
1008678
1009470
1019590
1030370
1031849
1038345
1043119
1051365
1054527
1055054
1056666
1057485
1062347
1067430
1069810
1077205
1101430
1103011
1103102
1110265
1127346
1130415
1137235
1138830
1144066
1151495
1153243
1174173
1176791
1178589
1179178
1181895
1190595
1192074
1193010
1195670
1217370
1217710
1225785
1227135
1232777
1247290
1263405
1272705
1272810
1285570
1292646
1301690
1312311
1315237
1330665
1332318
1333310
1335334
1339481
1344005
1345890
1352078
1360590
1364682
1381794
1385670
1390753
1394030
1422435
1427426
1430715
1431859
1438710
1442518
1447390
1448655
1451885
1474070
1480479
1490170
1504230
1508087
1529385
1540770
1542002
1545555
1554371
1560090
1575730
1582581
1592129
1604715
1607970
1612093
1612806
1616615
1621477
1647030
1647490
1652145
1654653
1677390
1681130
1704794
1716099
1733303
1742262
1746206
1757545
1761110
1768767
1793505
1799798
1812239
1820910
1822366
1826565
1866634
1870935
1874730
1878910
1881607
1928355
1937221
1939938
1946490
1951642
1952535
1956955
1964315
1967070
1986790
1999965
2003001
2028117
2032639
2063698
2076690
2086238
2091045
2102730
2109054
2114970
2124694
2141139
2154410
2163777
2171085
2185469
2187185
2206022
2211105
2220530
2235255
2260830
2274470
2302990
2306486
2313003
2348346
2353582
2357178
2363595
2363790
2369851
2381190
2442583
2451570
2454270
2460563
2465554
2467465
2471235
2521695
2526810
2533289
2545410
2557191
2619309
2624622
2630474
2637635
2641665
2661330
2678962
2688010
2699697
2733549
2750041
2757755
2781506
2799951
2800733
2818365
2844870
2860165
2861430
2863718
2897310
2903770
2927463
2947945
2956811
2960958
2980185
2993887
3016174
3058770
3091110
3095547
3108742
3129357
3165162
3184258
3187041
3194147
3209430
3224186
3231615
3233230
3242954
3304290
3309033
3309306
3330795
3338335
3380195
3411705
3432198
3454485
3459729
3466606
3515090
3530373
3537534
3568565
3587010
3606295
3624478
3653130
3698331
3741870
3763214
3774901
3855005
3856710
3866599
3874442
3905070
3913910
3928630
3945711
3999930
4006002
4018443
4032015
4056234
4065278
4172259
4182090
4261985
4282278
4295577
4321493
4327554
4342170
4355655
4365515
4370938
4374370
4422210
4470510
4499495
4524261
4555915
4569617
4626006
4663113
4666585
4727190
4739702
4776387
4836279
4849845
4864431
4879105
4885166
4921126
4934930
4942470
5043390
5066578
5107219
5114382
5159245
5199909
5215595
5238618
5272635
5275270
5283330
5311735
5399394
5436717
5467098
5500082
5515055
5515510
5599902
5601466
5636730
5644821
5720330
5766215
5811663
5854926
5870865
5883955
5892945
5895890
5913622
5960370
5987774
6097917
6163885
6191094
6258714
6374082
6388294
6463230
6556407
6561555
6576185
6618066
6661590
6676670
6678671
6697405
6760390
6823410
6908970
6919458
6953765
7060746
7109553
7137130
7159295
7212590
7327749
7381689
7396662
7402395
7436429
7540435
7549802
7599867
7710010
7733198
7771855
7891422
7912905
7960645
8036886
8060465
8064030
8107385
8250123
8273265
8344518
8402199
8523970
8580495
8591154
8642986
8666515
8711310
8731030
8843835
8870433
8981661
8998990
9048522
9061195
9111830
9139234
9326226
9333170
9376367
9408035
9552774
9582441
9672558
9686105
9699690
9728862
9758210
10015005
10023013
10140585
10163195
10214438
10318490
10399818
10431190
10545270
10623470
10705695
10818885
10873434
10927345
11030110
11289642
11324703
11350339
11532430
11565015
11599797
11623326
11741730
11767910
11785890
11849255
12133121
12195834
12212915
12302815
12327770
12666445
12685673
12785955
12964479
13096545
13112814
13123110
13152370
13357342
13394810
13498485
13560547
13667745
13708851
13750205
13907530
13999755
14003665
14219106
14318590
14637315
14655498
14763378
14784055
14804790
14872858
14969435
15080870
15199734
15298283
15321657
15477735
15543710
15646785
15825810
15921290
15935205
15970735
16120930
16214770
16500246
16545165
16546530
16588957
16804398
17098081
17160990
17298645
17333030
17651865
17687670
17733023
17740866
17963322
18122390
18491655
18752734
18816070
18874505
19164882
19332995
19372210
19605131
19728555
20030010
20036013
20046026
20092215
20281170
20326390
20697677
20861295
20957209
21411390
21477885
21607465
21637770
21854690
22309287
22359029
22621305
22649406
22700678
22848085
23130030
23199594
23315565
23698510
23881935
24181395
24266242
24322155
24425830
24605630
25332890
25371346
25536095
25571910
25928958
25999545
26193090
26424307
26996970
27066193
27121094
27183585
27335490
27417702
27500410
27999510
28007330
28129101
28224105
29058315
29274630
29568110
29938870
30069039
30250451
30489585
30596566
30643314
30808063
30955470
31293570
31870410
31941470
31987319
32782035
32932757
33090330
33177914
33393355
34051017
34196162
34597290
35303730
35466046
35547765
35750533
36399363
36638745
36908445
36983310
37182145
37749010
37999335
38057019
38665990
39210262
39457110
40072026
40184430
40681641
41250615
41395354
41523911
41722590
41914418
42010995
42955770
43214930
44352165
44618574
44718058
44908305
45242610
45696170
45894849
46631130
46750697
46881835
47763870
47912205
48362790
48644310
49766871
50115065
50265787
51072190
51294243
51999090
52848614
53199069
54132386
54367170
56179409
56258202
56448210
56623515
56751695
57998985
58116630
58815393
60138078
60500902
60665605
60979170
61616126
62093031
62871627
63428365
63974638
64822395
65564070
65865514
66786710
67077087
67802735
68102034
68544255
71095530
71501066
72798726
73277490
73465381
73816890
74364290
75998670
76114038
76491415
76608285
79272921
81198579
81363282
82501230
82944785
83047822
84021990
85490405
86822723
88665115
88704330
89816610
90751353
91789698
92424189
93501394
93763670
95824410
95961957
98025655
98798271
99533742
100180065
100230130
100531574
102588486
103488385
104786045
106398138
107251599
111546435
111795145
112358818
113247030
113503390
115997970
117630786
121331210
124186062
124571733
125743254
126856730
129644790
132121535
134154174
135330965
135605470
137088510
140252091
140645505
146930762
150345195
150797361
151252255
152982830
153216570
154040315
158545842
159936595
162397158
164663785
165889570
168538227
170255085
170980810
173645446
177330230
178752665
181502706
181996815
184848378
190285095
191923914
196051310
197596542
200360130
203408205
206976770
207619555
209572090
214503198
215656441
220396143
223092870
223590290
229474245
230529299
233753485
248834355
249143466
251328935
256471215
260468169
264243070
265995345
270661930
280504182
280897045
281291010
290667377
294076965
300690390
301594722
302504510
308080630
310465155
314358135
319873190
329327570
335385435
337076454
340510170
351860509
357505330
363993630
367326905
380570190
393255863
396364605
405992895
406816410
415239110
431312882
434113615
440792286
453756765
458948490
461058598
462120945
467506970
479809785
493991355
497668710
502657870
512942430
514257667
520936338
531990690
536257995
561794090
581334754
588153930
607759061
620930310
622858665
628716270
646969323
670770870
691587897
701260455
703721018
734653810
753986805
786511726
792729210
811985790
842691135
868227230
872002131
907513530
924241890
955049953
959619570
987982710
1028515334
1055581527
1072515990
1078282205
1101980715
1152646495
1179767589
1215518122
1245717330
1293938646
1302340845
1383175794
1402520910
1453336885
1507973610
1542773001
1685382270
1744004262
1759302545
1823277183
1910099906
1966279315
2111163054
2156564410
2203961430
2305292990
2359535178
2571288335
2604681690
2865149859
2906673770
3038795305
3085546002
3234846615
3457939485
3518605090
3646554366
3932558630
4360010655
4775249765
5142576670
5277907635
5730299718
5898837945
6077590610
6469693230
6685349671
6915878970
7713865005
8720021310
9116385915
9550499530
10555815270
11797675890
13370699342
14325749295
15427730010
18232771830
20056049013
28651498590
33426748355
40112098026
66853496710
100280245065
200560490130
