1
2
3
4
5
6
7
8
9
10
11
12
13
14
15
16
18
20
21
22
24
25
26
27
28
30
32
33
35
36
39
40
42
44
45
48
49
50
52
54
55
56
60
63
64
65
66
70
72
75
77
78
80
81
84
88
90
91
96
98
99
100
104
105
108
110
112
117
120
121
126
128
130
132
135
140
143
144
147
150
154
156
160
162
165
168
169
175
176
180
182
189
192
195
196
198
200
208
210
216
220
224
225
231
234
240
242
245
252
256
260
264
270
273
275
280
286
288
294
297
300
308
312
315
320
324
325
330
336
338
350
351
352
360
363
364
378
384
385
390
392
396
400
405
416
420
429
432
440
441
448
450
455
462
468
480
484
490
495
504
507
520
525
528
539
540
546
550
560
567
572
576
585
588
594
600
605
616
624
630
637
640
648
650
660
672
675
676
693
700
702
704
715
720
726
728
735
756
768
770
780
784
792
800
810
819
825
832
840
845
847
858
864
880
882
891
896
900
910
924
936
945
960
968
975
980
990
1001
1008
1014
1040
1050
1053
1056
1078
1080
1089
1092
1100
1120
1134
1144
1152
1155
1170
1176
1183
1188
1200
1210
1225
1232
1248
1260
1274
1280
1287
1296
1300
1320
1323
1344
1350
1352
1365
1386
1400
1404
1408
1430
1440
1452
1456
1470
1485
1512
1521
1540
1560
1568
1573
1575
1584
1600
1617
1620
1638
1650
1664
1680
1690
1694
1716
1728
1755
1760
1764
1782
1792
1800
1815
1820
1848
1859
1872
1890
1911
1920
1925
1936
1950
1960
1980
2002
2016
2025
2028
2079
2080
2100
2106
2112
2145
2156
2160
2178
2184
2200
2205
2240
2268
2275
2288
2304
2310
2340
2352
2366
2376
2400
2420
2450
2457
2464
2475
2496
2520
2535
2541
2548
2574
2592
2600
2640
2646
2688
2695
2700
2704
2730
2772
2800
2808
2816
2835
2860
2880
2904
2912
2925
2940
2970
3003
3024
3025
3042
3080
3120
3136
3146
3150
3168
3185
3200
3234
3240
3267
3276
3300
3328
3360
3380
3388
3432
3456
3465
3510
3520
3528
3549
3564
3575
3600
3630
3640
3675
3696
3718
3744
3780
3822
3840
3850
3861
3872
3900
3920
3960
3969
4004
4032
4050
4056
4095
4158
4160
4200
4212
4224
4225
4235
4290
4312
4320
4356
4368
4400
4410
4455
4480
4536
4550
4563
4576
4620
4680
4704
4719
4725
4732
4752
4800
4840
4851
4900
4914
4928
4950
4992
5005
5040
5070
5082
5096
5148
5184
5200
5265
5280
5292
5376
5390
5400
5408
5445
5460
5544
5577
5600
5616
5670
5720
5733
5760
5775
5808
5824
5850
5880
5915
5929
5940
6006
6048
6050
6084
6160
6237
6240
6272
6292
6300
6336
6370
6400
6435
6468
6480
6534
6552
6600
6615
6720
6760
6776
6825
6864
6912
6930
7007
7020
7040
7056
7098
7128
7150
7200
7260
7280
7350
7371
7392
7425
7436
7488
7560
7605
7623
7644
7700
7722
7744
7800
7840
7865
7920
7938
8008
8064
8085
8100
8112
8190
8281
8316
8320
8400
8424
8448
8450
8470
8580
8624
8640
8712
8736
8775
8800
8820
8910
8960
9009
9072
9075
9100
9126
9152
9240
9295
9360
9408
9438
9450
9464
9504
9555
9600
9680
9702
9800
9801
9828
9856
9900
9984
10010
10080
10140
10164
10192
10296
10368
10395
10400
10530
10560
10584
10647
10725
10780
10800
10816
10890
10920
11011
11025
11088
11154
11200
11232
11340
11440
11466
11520
11550
11583
11616
11648
11700
11760
11830
11858
11880
12012
12096
12100
12168
12285
12320
12474
12480
12544
12584
12600
12672
12675
12705
12740
12870
12936
12960
13013
13068
13104
13200
13230
13440
13475
13520
13552
13650
13689
13728
13860
14014
14040
14080
14112
14157
14175
14196
14256
14300
14400
14520
14553
14560
14700
14742
14784
14850
14872
14976
15015
15120
15210
15246
15288
15400
15444
15488
15600
15680
15730
15840
15876
15925
16016
16128
16170
16200
16224
16335
16380
16562
16632
16640
16731
16800
16848
16900
16940
17160
17199
17248
17280
17325
17424
17472
17550
17600
17640
17745
17787
17820
18018
18144
18150
18200
18252
18304
18480
18590
18720
18816
18876
18900
18928
19008
19110
19200
19305
19360
19404
19600
19602
19656
19712
19800
19845
20020
20160
20280
20328
20384
20449
20475
20592
20736
20790
20800
21021
21060
21120
21168
21175
21294
21450
21560
21600
21632
21780
21840
22022
22050
22176
22275
22308
22400
22464
22680
22815
22869
22880
22932
23100
23166
23232
23296
23400
23520
23595
23660
23716
23760
24024
24192
24200
24255
24336
24570
24640
24843
24948
24960
25025
25168
25200
25344
25350
25410
25480
25740
25872
25920
26026
26136
26208
26325
26400
26460
26880
26950
27027
27040
27104
27225
27300
27378
27456
27720
27885
28028
28080
28224
28314
28350
28392
28512
28600
28665
28800
29040
29106
29120
29400
29484
29568
29575
29645
29700
29744
29952
30030
30240
30420
30492
30576
30800
30888
30976
31185
31200
31360
31460
31680
31752
31850
31941
32032
32175
32340
32400
32448
32670
32760
33033
33075
33124
33264
33462
33600
33696
33800
33880
34320
34398
34496
34560
34650
34848
34944
35035
35100
35200
35280
35490
35574
35640
36036
36288
36300
36400
36504
36608
36855
36960
37180
37440
37632
37752
37800
37856
38016
38025
38115
38220
38610
38720
38808
39039
39200
39204
39312
39325
39600
39690
40040
40320
40425
40560
40656
40768
40898
40950
41184
41405
41580
41600
42042
42120
42240
42336
42350
42471
42588
42900
43120
43200
43264
43560
43659
43680
44044
44100
44352
44550
44616
44800
44928
45045
45360
45630
45738
45760
45864
46200
46332
46464
46475
46800
47040
47190
47320
47432
47520
47775
48048
48384
48400
48510
48672
49005
49140
49280
49686
49896
49920
50050
50193
50336
50400
50700
50820
50960
51480
51597
51744
51840
51975
52052
52272
52416
52650
52800
52920
53235
53361
53900
54054
54080
54208
54450
54600
54756
54912
55055
55440
55770
56056
56160
56448
56628
56700
56784
57024
57200
57330
57600
57915
58080
58212
58240
58800
58968
59136
59150
59290
59400
59488
60060
60480
60840
60984
61152
61347
61425
61600
61776
62370
62400
62720
62920
63063
63360
63504
63525
63700
63882
64064
64350
64680
64800
64896
65065
65340
65520
66066
66150
66248
66528
66924
67200
67392
67600
67760
68445
68607
68640
68796
68992
69300
69696
69888
70070
70200
70400
70560
70785
70980
71148
71280
72072
72576
72600
72765
72800
73008
73710
73920
74360
74529
74880
75075
75504
75600
75712
76032
76050
76230
76440
77077
77220
77440
77616
78078
78400
78408
78624
78650
79200
79380
80080
80640
80850
81081
81120
81312
81536
81675
81796
81900
82368
82810
83160
83200
83655
84084
84240
84672
84700
84942
85176
85800
85995
86240
86400
87120
87318
87360
88088
88200
88704
88725
88935
89100
89232
89856
90090
90720
91091
91260
91476
91520
91728
92400
92664
92928
92950
93600
94080
94380
94640
94864
95040
95550
95823
96096
96525
96800
97020
97344
98010
98280
98560
99099
99225
99372
99792
100100
100386
100672
100800
101400
101640
101920
102245
102960
103194
103488
103680
103950
104104
104544
104832
105105
105300
105600
105840
106470
106722
107800
108108
108160
108416
108900
109200
109512
109824
110110
110880
111540
112112
112320
112896
113256
113400
113568
114048
114075
114345
114400
114660
115830
116160
116424
116480
117117
117600
117936
117975
118300
118580
118800
118976
120120
120960
121275
121680
121968
122304
122694
122850
123200
123552
124215
124740
124800
125840
126126
126720
127008
127050
127400
127413
127764
128128
128700
129360
129600
129792
130130
130680
131040
132132
132300
132496
133056
133848
134400
134784
135135
135200
135520
136890
137214
137280
137592
137984
138600
139392
139425
140140
140400
141120
141570
141960
142296
142560
143143
143325
144144
145152
145200
145530
145600
146016
147420
147840
148225
148720
149058
149760
150150
150579
151008
151200
151424
152100
152460
152880
154154
154440
154880
155232
155925
156156
156800
156816
157248
157300
158400
158760
159705
160083
160160
161700
162162
162240
162624
163072
163350
163592
163800
164736
165165
165620
166320
167310
168168
168480
169344
169400
169884
170352
171600
171990
172480
172800
174240
174636
174720
175175
176176
176400
177408
177450
177870
178200
178464
180180
181440
182182
182520
182952
183040
183456
184041
184275
184800
185328
185900
187200
188160
188760
189189
189280
189728
190080
190575
191100
191646
192192
193050
193600
194040
194688
195195
196020
196560
198198
198450
198744
199584
200200
200772
201344
201600
202800
203280
203840
204490
205920
206388
206976
207025
207900
208208
209088
209664
210210
210600
211200
211680
212355
212940
213444
215600
216216
216320
216832
217800
218295
218400
219024
220220
221760
223080
223587
224224
224640
225225
226512
226800
227136
228096
228150
228690
228800
229320
231231
231660
232320
232848
234234
235200
235872
235950
236600
237160
237600
237952
240240
241920
242550
243360
243936
244608
245025
245388
245700
246400
247104
248430
249480
249600
250965
251680
252252
254016
254100
254800
254826
255528
256256
257400
257985
258720
259200
260260
261360
262080
264264
264600
264992
266112
266175
266805
267696
269568
270270
270400
271040
273273
273780
274428
274560
275184
275275
277200
278784
278850
280280
280800
282240
283140
283920
284592
285120
286286
286650
288288
289575
290400
291060
291200
292032
294840
295680
296450
297297
297440
298116
300300
301158
302016
302400
302848
304200
304920
305760
306735
308308
308880
310464
311850
312312
313600
313632
314496
314600
315315
316800
317520
319410
320166
320320
323400
324324
324480
325248
325325
326700
327184
327600
329472
330330
331240
332640
334620
336336
336960
338688
338800
339768
340704
342225
343035
343200
343980
344960
348480
349272
349440
350350
351351
352352
352800
353925
354900
355740
356400
356928
360360
362880
363825
364364
365040
365904
366912
368082
368550
369600
370656
371800
372645
374400
377520
378378
378560
379456
380160
381150
382200
383292
384384
385385
386100
387200
388080
389376
390390
392040
393120
396396
396900
397488
399168
400400
401544
402688
403200
405405
405600
406560
407680
408980
411840
412776
413952
414050
415800
416416
418176
418275
420420
421200
423360
424710
425880
426888
429429
429975
431200
432432
435600
436590
436800
438048
440440
443520
444675
446160
447174
448448
449280
450450
453024
453600
454272
455455
456300
457380
457600
458640
462462
463320
464640
465696
468468
470400
471744
471900
473200
474320
475200
475904
479115
480249
480480
485100
486720
487872
489216
490050
490776
491400
492800
494208
495495
496860
498960
501930
503360
504504
508032
508200
509600
509652
511056
511225
514800
515970
517440
518400
520520
522720
524160
525525
528528
529200
529984
532224
532350
533610
535392
540540
540800
542080
546546
547560
548856
549120
550368
550550
552123
554400
557700
560560
561600
564480
566280
567567
567840
569184
570240
571725
572572
573300
576576
579150
580800
582120
582400
584064
585585
589680
592900
594594
594880
596232
600600
602316
604032
604800
608400
609840
611520
613470
616616
617760
620928
621075
623700
624624
627264
628992
629200
630630
633600
635040
637065
638820
640332
640640
646800
648648
648960
650496
650650
653400
654368
655200
660660
662480
665280
669240
670761
672672
673920
675675
677600
679536
681408
684450
686070
686400
687960
689920
693693
696960
698544
700700
702702
704704
705600
707850
709800
711480
712800
713856
715715
720720
725760
727650
728728
730080
731808
733824
736164
737100
739200
741312
743600
745290
748800
752895
755040
756756
757120
758912
762300
764400
766584
768768
770770
772200
774400
776160
780780
784080
786240
792792
793800
794976
798336
798525
800415
800800
803088
810810
811200
813120
815360
817960
819819
823680
825552
825825
828100
831600
832832
836352
836550
840840
842400
846720
849420
851760
853776
858858
859950
862400
864864
871200
873180
873600
876096
880880
887040
889350
891891
892320
894348
896896
900900
906048
907200
908544
910910
912600
914760
915200
917280
920205
924924
926640
931392
936936
940800
943488
943800
945945
946400
948640
950400
958230
960498
960960
970200
973440
975744
975975
980100
981552
982800
988416
990990
993720
997920
1002001
1003860
1006720
1009008
1016064
1016400
1019200
1019304
1022112
1022450
1029600
1031940
1034880
1041040
1045440
1048320
1051050
1054053
1057056
1058400
1059968
1061775
1064700
1067220
1070784
1081080
1081600
1084160
1091475
1093092
1095120
1097712
1100736
1101100
1104246
1108800
1115400
1117935
1121120
1123200
1132560
1135134
1135680
1138368
1140480
1143450
1145144
1146600
1153152
1156155
1158300
1161600
1164240
1168128
1171170
1179360
1185800
1189188
1189760
1192464
1201200
1204632
1208064
1209600
1216800
1219680
1223040
1226940
1233232
1235520
1241856
1242150
1247400
1249248
1254528
1254825
1258400
1261260
1270080
1274130
1277640
1280664
1281280
1288287
1289925
1293600
1297296
1301300
1306800
1308736
1310400
1321320
1324960
1330560
1334025
1338480
1341522
1345344
1347840
1351350
1355200
1359072
1362816
1366365
1368900
1372140
1372800
1375920
1387386
1393920
1397088
1401400
1405404
1409408
1411200
1415700
1419600
1422960
1425600
1427712
1431430
1441440
1455300
1457456
1460160
1463616
1467648
1472328
1474200
1478400
1482624
1486485
1487200
1490580
1505790
1510080
1513512
1514240
1517824
1524600
1528800
1533168
1533675
1541540
1544400
1552320
1561560
1568160
1572480
1576575
1585584
1587600
1589952
1596672
1597050
1600830
1601600
1606176
1621620
1622400
1626240
1635920
1639638
1647360
1651104
1651650
1656200
1656369
1663200
1665664
1673100
1681680
1684800
1693440
1698840
1703520
1707552
1715175
1717716
1719900
1724800
1729728
1742400
1746360
1747200
1752192
1756755
1761760
1778700
1783782
1784640
1788696
1793792
1801800
1812096
1814400
1821820
1825200
1829520
1834560
1840410
1849848
1853280
1862784
1863225
1873872
1886976
1887600
1891890
1892800
1897280
1900800
1916460
1920996
1921920
1926925
1940400
1946880
1951488
1951950
1960200
1963104
1965600
1981980
1987440
1995840
2004002
2007720
2013440
2018016
2027025
2032800
2038400
2038608
2044224
2044900
2059200
2063880
2069760
2081079
2082080
2090880
2102100
2108106
2114112
2116800
2119936
2123550
2129400
2134440
2141568
2147145
2162160
2182950
2186184
2190240
2195424
2201472
2202200
2208492
2217600
2230800
2235870
2242240
2246400
2265120
2270268
2271360
2276736
2277275
2286900
2290288
2293200
2306304
2312310
2316600
2323200
2328480
2342340
2358720
2371600
2378376
2379520
2384928
2395575
2401245
2402400
2409264
2433600
2439360
2446080
2453880
2459457
2466464
2471040
2477475
2484300
2494800
2498496
2509056
2509650
2516800
2522520
2540160
2548260
2555280
2561328
2576574
2579850
2587200
2594592
2602600
2613600
2617472
2620800
2642640
2649920
2661120
2668050
2676960
2683044
2690688
2702700
2710400
2718144
2725632
2732730
2737800
2744280
2745600
2751840
2760615
2774772
2794176
2802800
2810808
2818816
2822400
2831400
2837835
2839200
2845920
2851200
2862860
2882880
2910600
2914912
2920320
2927232
2927925
2944656
2948400
2965248
2972970
2974400
2981160
3006003
3011580
3020160
3027024
3049200
3057600
3066336
3067350
3083080
3088800
3104640
3123120
3136320
3144960
3153150
3171168
3175200
3179904
3185325
3194100
3201660
3203200
3212352
3243240
3244800
3252480
3271840
3279276
3302208
3303300
3312400
3312738
3326400
3331328
3346200
3353805
3363360
3369600
3397680
3407040
3415104
3430350
3435432
3439800
3449600
3459456
3468465
3484800
3492720
3504384
3513510
3523520
3557400
3567564
3569280
3577392
3578575
3603600
3624192
3628800
3643640
3650400
3659040
3669120
3680820
3699696
3706560
3725568
3726450
3747744
3764475
3775200
3783780
3785600
3794560
3832920
3841992
3843840
3853850
3864861
3880800
3903900
3920400
3926208
3931200
3963960
3974880
3991680
4002075
4008004
4015440
4036032
4054050
4065600
4076800
4077216
4088448
4089800
4099095
4118400
4127760
4162158
4164160
4181760
4204200
4216212
4228224
4233600
4247100
4258800
4268880
4283136
4294290
4324320
4365900
4372368
4380480
4390848
4402944
4404400
4416984
4435200
4459455
4461600
4471740
4484480
4530240
4540536
4542720
4553472
4554550
4573800
4580576
4586400
4601025
4624620
4633200
4656960
4684680
4717440
4729725
4743200
4756752
4769856
4791150
4802490
4804800
4818528
4867200
4878720
4907760
4918914
4932928
4942080
4954950
4968600
4989600
4996992
5010005
5019300
5033600
5045040
5080320
5096520
5110560
5122656
5153148
5159700
5174400
5189184
5205200
5227200
5234944
5241600
5270265
5285280
5299840
5336100
5353920
5366088
5381376
5405400
5420800
5436288
5465460
5475600
5488560
5503680
5521230
5549544
5588352
5589675
5605600
5621616
5662800
5675670
5678400
5691840
5702400
5725720
5765760
5780775
5821200
5829824
5840640
5854464
5855850
5889312
5896800
5945940
5948800
5962320
6012006
6023160
6040320
6054048
6098400
6115200
6132672
6134700
6166160
6177600
6209280
6243237
6246240
6272640
6306300
6342336
6350400
6359808
6370650
6388200
6403320
6406400
6424704
6441435
6486480
6543680
6558552
6604416
6606600
6624800
6625476
6652800
6692400
6707610
6726720
6739200
6795360
6814080
6830208
6831825
6860700
6870864
6879600
6918912
6936930
6969600
6985440
7027020
7047040
7114800
7135128
7138560
7154784
7157150
7207200
7287280
7300800
7318080
7338240
7361640
7378371
7399392
7413120
7432425
7452900
7495488
7528950
7550400
7567560
7571200
7589120
7665840
7683984
7707700
7729722
7761600
7807800
7840800
7852416
7862400
7927920
7949760
7983360
8004150
8016008
8030880
8072064
8108100
8131200
8154432
8176896
8179600
8198190
8236800
8255520
8281845
8324316
8328320
8408400
8432424
8456448
8467200
8494200
8517600
8537760
8588580
8648640
8731800
8744736
8760960
8781696
8783775
8808800
8833968
8918910
8923200
8943480
8968960
9018009
9060480
9081072
9109100
9147600
9161152
9172800
9202050
9249240
9266400
9313920
9369360
9434880
9459450
9486400
9513504
9539712
9582300
9604980
9609600
9637056
9734400
9757440
9815520
9837828
9865856
9909900
9937200
9979200
9993984
10020010
10038600
10067200
10090080
10193040
10221120
10245312
10306296
10319400
10348800
10378368
10405395
10410400
10454400
10540530
10570560
10599680
10672200
10707840
10732176
10735725
10810800
10872576
10930920
10951200
10977120
11007360
11042460
11099088
11176704
11179350
11211200
11243232
11325600
11351340
11356800
11383680
11451440
11531520
11561550
11594583
11642400
11659648
11711700
11778624
11793600
11891880
11897600
11924640
12006225
12024012
12046320
12108096
12196800
12230400
12265344
12269400
12297285
12332320
12355200
12486474
12492480
12545280
12612600
12684672
12700800
12741300
12776400
12806640
12849408
12882870
12972960
13087360
13117104
13208832
13213200
13249600
13250952
13305600
13384800
13415220
13453440
13590720
13628160
13660416
13663650
13721400
13741728
13759200
13803075
13873860
13970880
14054040
14094080
14189175
14229600
14270256
14309568
14314300
14414400
14574560
14601600
14636160
14723280
14756742
14798784
14826240
14864850
14905800
14990976
15030015
15057900
15100800
15135120
15331680
15367968
15415400
15459444
15523200
15615600
15681600
15704832
15724800
15855840
15899520
16008300
16032016
16061760
16144128
16216200
16262400
16308864
16359200
16396380
16511040
16563690
16648632
16656640
16769025
16816800
16864848
16988400
17035200
17075520
17177160
17297280
17342325
17463600
17489472
17521920
17563392
17567550
17617600
17667936
17837820
17846400
17886960
18036018
18120960
18162144
18218200
18295200
18322304
18345600
18404100
18498480
18532800
18627840
18738720
18918900
18972800
19027008
19079424
19164600
19209960
19219200
19274112
19324305
19631040
19675656
19731712
19819800
19874400
19958400
20040020
20077200
20180160
20386080
20442240
20490624
20495475
20612592
20638800
20756736
20810790
20820800
20908800
21081060
21141120
21344400
21415680
21464352
21471450
21621600
21861840
21902400
21954240
22014720
22084920
22198176
22297275
22358700
22422400
22486464
22651200
22702680
22713600
22767360
22902880
23123100
23189166
23284800
23319296
23423400
23557248
23587200
23783760
23849280
24012450
24048024
24092640
24216192
24393600
24530688
24538800
24594570
24664640
24710400
24972948
24984960
25050025
25225200
25369344
25401600
25482600
25552800
25613280
25765740
25945920
26174720
26234208
26351325
26426400
26499200
26501904
26769600
26830440
26906880
27054027
27181440
27327300
27442800
27483456
27518400
27606150
27747720
27941760
28108080
28378350
28459200
28540512
28619136
28628600
28828800
29149120
29203200
29272320
29446560
29513484
29597568
29729700
29811600
29981952
30060030
30115800
30201600
30270240
30663360
30735936
30830800
30918888
31046400
31216185
31231200
31363200
31711680
31799040
32016600
32064032
32123520
32207175
32432400
32617728
32718400
32792760
33022080
33127380
33297264
33538050
33633600
33729696
33976800
34070400
34151040
34354320
34594560
34684650
34927200
34978944
35135100
35235200
35335872
35675640
35692800
35773920
36072036
36324288
36436400
36590400
36644608
36691200
36808200
36891855
36996960
37065600
37477440
37837800
37945600
38054016
38329200
38419920
38548224
38648610
39262080
39351312
39639600
39748800
39916800
40080040
40154400
40360320
40772160
40884480
40981248
40990950
41225184
41277600
41409225
41621580
41641600
42162120
42282240
42688800
42928704
42942900
43243200
43723680
43804800
43908480
44169840
44396352
44594550
44717400
44844800
44972928
45090045
45302400
45405360
45805760
46246200
46378332
46569600
46846800
47114496
47174400
47567520
47698560
48024900
48096048
48185280
48432384
48787200
49077600
49189140
49329280
49945896
49969920
50100050
50450400
50965200
51105600
51226560
51531480
51891840
52026975
52468416
52702650
52852800
52998400
53003808
53539200
53660880
54108054
54362880
54654600
54885600
54966912
55036800
55212300
55495440
55883520
56216160
56756700
56918400
57081024
57238272
57257200
57657600
57972915
58298240
58893120
59026968
59195136
59459400
59623200
60120060
60231600
60540480
61326720
61471872
61486425
61661600
61837776
62432370
62462400
62726400
63423360
64033200
64128064
64247040
64414350
64864800
65436800
65585520
66044160
66254760
66594528
67076100
67267200
67459392
67953600
68140800
68302080
68708640
69369300
69854400
69957888
70270200
70470400
70671744
71351280
71547840
72144072
72648576
72872800
73180800
73616400
73783710
73993920
74131200
74954880
75150075
75675600
76108032
76658400
76839840
77297220
78524160
78702624
79279200
79497600
80160080
80308800
80720640
81162081
81544320
81981900
82450368
82555200
82818450
83243160
83283200
84324240
85377600
85857408
85885800
86486400
87447360
87609600
87816960
88339680
88792704
89189100
89434800
89945856
90180090
90604800
90810720
91611520
92492400
92756664
93139200
93693600
95135040
95397120
96049800
96192096
96370560
96621525
98155200
98378280
98658560
99891792
100200100
100900800
101930400
102211200
102453120
103062960
103783680
104053950
104936832
105405300
105705600
106007616
107078400
107321760
108216108
109309200
109771200
109933824
110073600
110424600
110990880
112432320
113513400
113836800
114162048
114514400
115945830
116596480
117786240
118053936
118918800
119246400
120240120
120463200
121080960
122653440
122943744
122972850
123323200
123675552
124864740
124924800
126846720
128066400
128256128
128828700
129729600
130873600
131171040
132509520
133189056
134152200
134534400
134918784
135270135
135907200
137417280
138738600
139708800
140540400
141343488
142702560
143095680
144288144
145297152
145745600
146361600
147232800
147567420
147987840
149909760
150300150
151351200
153316800
153679680
154594440
156080925
157405248
158558400
158995200
160320160
160617600
162324162
163088640
163963800
164900736
165110400
165636900
166486320
168648480
170755200
171714816
171771600
172972800
174894720
176679360
177585408
178378200
178869600
180360180
181621440
183223040
184459275
184984800
185513328
187387200
190270080
192099600
192384192
192741120
193243050
196310400
196756560
199783584
200400200
201801600
203860800
204422400
204906240
206125920
208107900
209873664
210810600
211411200
212015232
214643520
216432216
218618400
219542400
220849200
221981760
224864640
225450225
227026800
228324096
229028800
231891660
235572480
236107872
237837600
238492800
240480240
240926400
242161920
245945700
246646400
247351104
249729480
249849600
256132800
256512256
257657400
259459200
262342080
265019040
266378112
268304400
269837568
270540270
271814400
274834560
277477200
279417600
281080800
285405120
286191360
288576288
289864575
291491200
294465600
295134840
295975680
300600300
302702400
306633600
307359360
309188880
312161850
314810496
317116800
320640320
321235200
324648324
327927600
329801472
330220800
331273800
332972640
337296960
341510400
343543200
349789440
353358720
356756400
357739200
360720360
363242880
368918550
369969600
371026656
374774400
380540160
384199200
384768384
386486100
392620800
393513120
399567168
400800400
403603200
405810405
407721600
412251840
416215800
421621200
424030464
429287040
432864432
437236800
439084800
441698400
443963520
449729280
450900450
454053600
458057600
463783320
472215744
475675200
476985600
480960480
481852800
491891400
493292800
494702208
499458960
512265600
515314800
518918400
524684160
530038080
532756224
536608800
541080540
549669120
554954400
562161600
570810240
577152576
579729150
582982400
588931200
590269680
601200600
605404800
613267200
614718720
618377760
624323700
629620992
634233600
641280640
649296648
655855200
662547600
665945280
674593920
676350675
687086400
706717440
713512800
715478400
721440720
726485760
737837100
739939200
742053312
749548800
768398400
769536768
772972200
787026240
799134336
801600800
811620810
815443200
824503680
832431600
843242400
858574080
865728864
874473600
883396800
887927040
901800900
908107200
916115200
927566640
944431488
951350400
961920960
963705600
983782800
989404416
998917920
1024531200
1030629600
1049368320
1060076160
1073217600
1082161080
1109908800
1124323200
1141620480
1154305152
1159458300
1177862400
1180539360
1202401200
1210809600
1236755520
1248647400
1282561280
1298593296
1311710400
1325095200
1331890560
1349187840
1352701350
1374172800
1427025600
1430956800
1442881440
1475674200
1479878400
1484106624
1536796800
1545944400
1574052480
1598268672
1603201600
1623241620
1649007360
1664863200
1686484800
1731457728
1748947200
1766793600
1803601800
1816214400
1855133280
1888862976
1902700800
1923841920
1967565600
1997835840
2029052025
2061259200
2120152320
2146435200
2164322160
2219817600
2248646400
2308610304
2318916600
2361078720
2404802400
2473511040
2497294800
2597186592
2623420800
2650190400
2663781120
2705402700
2748345600
2854051200
2885762880
2951348400
2968213248
3073593600
3091888800
3148104960
3206403200
3246483240
3329726400
3372969600
3462915456
3533587200
3607203600
3632428800
3710266560
3847683840
3935131200
3995671680
4058104050
4122518400
4292870400
4328644320
4439635200
4637833200
4722157440
4809604800
4947022080
4994589600
5194373184
5246841600
5300380800
5410805400
5708102400
5771525760
5902696800
6183777600
6412806400
6492966480
6659452800
6745939200
6925830912
7214407200
7420533120
7870262400
7991343360
8116208100
8245036800
8657288640
9275666400
9444314880
9619209600
9989179200
10388746368
10600761600
10821610800
11543051520
11805393600
12367555200
12985932960
13318905600
14428814400
14841066240
15740524800
16232416200
17314577280
18551332800
19238419200
19978358400
20777492736
21643221600
23610787200
24735110400
25971865920
28857628800
32464832400
34629154560
37102665600
39956716800
43286443200
47221574400
51943731840
57715257600
64929664800
74205331200
86572886400
103887463680
129859329600
173145772800
259718659200
519437318400
