2643
751951 928121
723492 804420
328197 828607
472167 497925
363438 560717
89200 106986
216104 976483
509806 823620
676858 790881
56553 345559
488502 723554
172325 422962
309279 697435
120464 627327
429832 482549
386595 708200
778720 787658
789992 890639
226467 849130
207958 298989
602581 746600
347466 661473
179775 811929
189770 412581
383718 999455
504628 616807
281898 419335
91552 986530
179569 715811
3384 414148
508913 656954
216315 880114
689334 703686
550382 701392
278326 671008
270962 333553
214957 514850
248231 422061
371588 621185
2980 664305
357564 441890
68747 670052
181740 390943
287469 347593
612516 977370
20443 396007
3299 469525
357163 430412
6699 863571
387455 958976
482217 793590
114427 179343
141342 883220
104584 884239
454496 965875
122601 731258
443377 571449
480040 537428
138238 172455
273517 971653
34433 811768
327307 911957
126878 576456
45368 452977
601999 854882
371826 473541
943269 973764
122098 851401
58698 76763
385413 801515
696523 981495
480206 514571
445904 758357
53310 521410
335844 347611
90410 497484
193559 649262
401394 958949
41107 768546
197987 832737
22306 404979
589291 994685
186542 905542
799134 811094
792089 852751
10898 235729
710212 829964
238297 641823
415297 640720
704917 882280
127176 344338
407965 798183
353541 635740
510003 829555
518256 963316
66013 837611
654931 853974
402024 469609
700304 816176
284199 891151
668825 899876
168893 253939
593737 944374
338323 876846
81154 115819
165157 980814
571886 886343
291197 803100
91709 611856
815479 953879
572461 643014
569123 729744
265400 847094
359020 429447
9152 773963
97829 979674
819930 998984
106665 585322
69385 72646
631353 739191
97110 157605
13356 374453
90243 927694
152297 531854
313075 599831
708720 890974
470695 891837
9845 587154
451673 495306
387865 825524
160952 411231
502353 915329
425692 646331
648027 663413
178438 193081
569858 765063
70266 847358
147801 226095
264807 818374
105051 844868
489478 729809
167007 311304
302992 582308
49650 164499
171706 768399
493698 977822
506381 941015
242282 867267
450237 497119
539926 836111
553444 559788
309826 799944
683702 771888
165655 876944
53521 394489
361131 566946
142445 756616
701654 794434
183522 534850
322683 802542
275226 980741
102486 526101
808532 869661
363568 876961
50276 381903
314758 389772
203259 205766
405836 453224
192054 713741
76325 989018
266949 655395
425056 565925
86378 417850
469083 632711
48184 569790
455945 552559
108345 780268
707501 912322
198772 220555
456675 661785
691312 698665
24920 432321
753696 982516
244857 507149
233807 850948
444535 621591
356284 563082
351268 420898
400841 483674
270939 319593
263717 816003
272768 556334
280965 856471
531083 681121
59103 712366
25732 751149
175776 517488
242238 803064
426773 802736
678070 762122
21274 896632
11560 937455
71880 94748
476061 515889
405320 486954
102034 346733
626345 851090
88212 139640
433717 813135
908211 917037
291483 982144
61778 488668
404345 700256
236398 264127
98808 359328
914566 985758
776371 984591
285805 476076
209279 504964
668370 943309
348329 990441
118125 803429
715241 910661
321166 964870
554314 669394
179513 210901
416748 962687
829965 936614
234222 941122
82234 975748
502997 648311
219838 382193
387006 403172
213711 820803
242547 529136
548343 685442
37420 913431
85843 482923
106314 453239
177903 698901
188535 512622
78275 345777
373321 712177
291404 926261
374093 832972
188747 281562
728237 891698
134836 764271
20504 419420
45101 974743
463897 635433
8110 711277
238645 449487
400246 613324
653889 665524
425243 664258
117961 618389
500789 783581
314619 644688
286477 613899
284025 309913
626134 691920
233179 451065
194727 468697
251051 397706
882500 990763
291068 722471
473266 525652
78850 620052
586319 618000
124456 365411
156626 223115
777764 921380
83757 155517
60679 439764
8526 53801
692967 959990
280475 693604
332416 790249
751406 882199
286557 738954
411991 487355
516505 546539
75268 483637
928254 971066
199736 310428
654107 736932
156786 285332
312766 872868
125418 238159
949652 999768
551968 739710
139905 606965
700475 961269
396802 978460
262638 904516
183002 949806
326222 432159
714423 969326
205906 696419
374721 638505
207875 843615
685674 859755
39458 648246
736149 881111
54997 687788
710076 901378
402483 773211
212485 607964
609930 678577
76228 785583
65135 677657
242685 896671
65195 288151
187581 491338
189903 709546
77801 568836
262359 608433
811986 947193
177147 748119
881528 922927
229747 855310
828294 869323
117798 446305
293654 939399
425020 751649
368688 830714
107735 431088
210607 444464
360685 816417
155781 166565
335166 414216
118131 335885
240258 682437
56528 232337
441376 906454
667143 709580
146618 600256
260322 562049
88413 222378
293056 871016
256636 597788
542149 987836
114 48828
476254 826741
590164 664767
117638 664966
262669 408270
648646 984542
59368 609399
549925 821235
20274 67151
169361 504350
8473 641106
244952 874782
76035 368142
667337 942460
348059 604049
356995 398709
154974 794847
502381 553226
42224 323809
393025 664943
781527 848610
232298 728495
205567 264655
85790 495698
869995 888778
369908 619016
112300 542633
422312 743650
445582 888853
228881 816097
738620 766427
389355 973925
565240 875070
824178 977050
38133 526739
740319 884533
15388 199299
655558 757720
270861 370122
555922 887766
257601 741456
618377 860144
528882 728966
617104 988046
416149 508009
418696 492327
447585 538555
286413 404859
858139 915963
543591 804970
598860 617834
26274 645911
260145 894876
242214 833677
41743 685545
308879 530609
187937 253940
474782 804553
19495 871531
6994 46817
508865 573471
213886 502590
187504 211593
581493 672172
158954 439221
3060 458132
210982 325623
604181 949064
43736 384365
362371 887894
244458 943175
612310 841956
464254 591429
276274 510995
297816 330126
384364 593883
506352 562715
419140 629335
362362 480180
327874 344345
148612 388045
216654 728607
607221 896520
565211 664807
786703 986613
476263 952552
18291 294351
708774 847725
629542 694643
266181 363342
19130 561719
589629 873953
400157 816803
503001 853040
101338 348643
446671 804773
360906 593889
367931 872778
755919 916678
78656 478952
833547 930049
11261 577434
567318 780951
108430 867391
443993 677823
11963 964503
524972 582346
62406 743854
330661 443031
555851 740989
365263 878228
51412 177499
40819 189178
372436 743672
510571 644795
1554 455549
199215 393967
260289 522925
366019 676141
552583 983969
695015 740119
651993 810281
317200 588835
213781 910518
295865 796616
358504 639920
177881 993545
160783 778490
102082 880214
311943 532285
630307 921164
323933 669976
176095 313047
186978 893812
414714 768593
78422 438797
43565 509536
809466 896936
230026 595359
87181 890581
883144 994182
664179 819589
890232 996994
881794 976322
424719 706333
34246 572646
230019 662062
100770 577147
258397 759291
35862 218617
287611 976643
334274 492925
289973 474064
479498 928873
540640 932407
376908 536302
779296 790789
354980 904581
81388 430717
69613 580531
198544 571864
177325 324952
75550 811660
73184 799590
102235 590056
114664 994352
338520 603443
234112 489019
100373 754448
84443 232793
566822 817878
52960 587953
66926 863700
430054 442884
258614 276220
762830 963982
442349 652447
71834 177396
61215 720766
302743 569111
318645 769856
225353 486377
245343 253713
400592 584967
491374 825537
964862 996264
411562 540018
220268 283774
528293 583557
883607 900645
262334 345173
280210 878375
79222 381923
238637 988635
127430 405762
75088 788423
607179 905574
104387 685721
364780 836673
887356 976920
518569 788727
674386 700405
847472 974979
677649 824179
111120 488841
803670 905800
613699 672457
522751 747639
95723 648933
437408 925138
290065 992539
108785 254031
116124 678360
621816 761694
207915 659672
163840 338545
133121 443257
801879 924419
260377 954154
211599 285518
472635 619863
479717 938348
170707 356364
519039 805526
223396 565706
486600 854597
204614 482562
708755 785239
235736 555688
125894 950938
776228 860749
648149 734299
512070 728118
354959 623822
183127 898677
160486 181905
309785 540152
46659 962577
560114 882263
691286 883261
315680 978837
113737 830352
40004 133656
315247 653413
31344 968742
723972 764728
633107 719589
229697 767885
372104 616286
274998 685403
378935 864597
88699 792535
450725 712053
666807 824305
347686 471526
553151 674803
581785 705035
802600 933548
130518 782548
422917 726651
556224 807410
340977 743351
281787 622620
32535 746166
67266 688376
445199 885861
394235 635082
660428 877281
52958 524110
414126 456095
597689 632623
232849 763104
217772 488655
245871 683986
51828 542331
288344 739731
11496 213296
151054 653719
33224 189895
16757 726007
164549 875376
28250 203312
88998 650769
191620 677445
83461 880449
483144 839737
2702 134798
535436 702532
626296 634179
312013 528528
190138 717236
479259 640380
565085 918505
754136 951897
269161 364918
302589 495663
258800 675627
204438 517113
649867 856023
210404 985664
123224 308944
198037 457010
108647 113089
71921 444256
218864 283892
256666 525905
237759 364645
611996 670887
60702 535647
290747 428372
268543 605449
55759 249023
116656 193271
419331 762306
24888 52301
151126 361579
84313 981498
534911 933277
197002 359747
81971 542015
333218 833811
300599 359986
5214 281717
154902 628058
14030 66158
534334 727615
35659 119038
362661 688873
291612 953024
579681 587337
679623 772121
968730 997253
596359 895104
471161 699978
292194 553897
138614 168573
65613 573793
803494 958961
156112 691371
577172 687882
314763 351289
179031 464612
8855 564364
200397 261091
87582 922396
16913 601200
274284 563784
147439 673357
80995 146656
840823 982850
52805 440732
179390 488151
388826 472950
147174 674576
15046 854485
467157 864375
576693 904223
241696 911083
118099 439938
62778 118968
278723 534141
215319 657649
355661 657651
252078 619500
466652 612331
544294 691930
48299 590117
767456 821751
49791 371036
279694 369464
203078 664558
280477 725533
308460 620096
589458 947864
486323 629293
51889 951780
474554 518517
380956 431523
352877 899544
167273 832080
840097 921907
814231 916097
104323 590548
248423 309587
67519 711375
54507 792922
176794 687147
348796 350189
579953 765405
231487 916571
284853 319246
927591 973616
652500 808051
595553 702790
722408 978523
573339 757885
295748 563110
700152 944008
209664 625526
476015 845902
452575 779594
213070 300264
672537 749174
119364 482004
353155 545653
114005 954629
727204 930331
754434 896761
437707 455484
884581 942363
531069 627644
154638 413866
94164 242995
48251 830398
801919 908783
539829 898988
664061 925872
12547 650835
523499 574630
29734 647970
344520 515810
260689 358427
521316 788143
705483 733172
602064 680031
61984 134633
218007 698128
290536 631473
120476 592402
92947 725743
293154 908700
58754 182436
443138 694360
102654 958442
312273 394491
212721 473863
452494 673431
420495 662462
408081 672943
525117 941734
16656 233647
179435 818967
307735 771063
106000 409449
836576 990525
93879 97828
125071 659032
270780 715151
118960 448639
488920 906769
420938 700085
122742 331252
781191 846496
628787 722828
931040 982053
766283 791582
972762 975583
112045 596032
18833 62940
709065 848465
156864 970261
161243 290987
512849 704856
422589 500435
79271 121350
638418 844810
55446 709717
583859 959592
576462 587685
811207 840315
202515 538064
412629 939065
376975 393931
167150 650009
15430 747135
526880 556507
633498 648954
499118 632275
217653 330318
692199 719310
411899 452888
81067 723604
122521 154549
28650 724515
262434 675430
248521 776651
328617 725552
385892 969328
673040 929237
108388 685743
937782 997472
211847 526359
382477 982160
2892 942016
72488 564174
413563 734145
1081 259112
14960 276387
809383 854979
485029 908698
924897 941571
666621 877307
558627 903429
393456 715531
382011 506397
130606 477280
623146 677172
107211 630901
532097 561197
737542 830562
569553 607664
89784 705194
905763 948981
158940 994042
403923 908013
680175 769795
293976 887346
148124 729232
555664 560063
547464 884538
438516 794111
262957 809357
591099 913508
73275 164841
71226 589325
658690 702226
52631 536397
856843 943774
106688 224248
87002 921328
837575 874950
599296 775910
54282 656301
340996 623660
270608 313535
794333 822541
643223 861920
718124 847851
88758 153892
608096 755047
27381 123828
20671 449682
11456 325792
193518 696932
499207 921529
387369 854598
645491 871713
98328 152001
517686 708023
54041 796716
231365 876386
504361 940553
210181 938974
309545 417403
81960 441124
1777 209723
362076 732856
569633 812093
15917 559367
187251 599974
87652 827340
304379 760010
119584 720434
901847 955959
189344 230605
231248 718683
423721 893295
67022 236236
670206 872314
630757 999996
442053 499314
251482 437430
293041 794710
585020 791488
679332 732477
586312 899450
211599 298939
591055 922747
82117 352453
881886 981733
327472 582595
764345 847656
121743 548690
480166 694973
245571 581939
436975 912289
556289 886362
366488 558429
128591 631731
662012 824238
652496 827479
12372 856120
557902 654525
456702 998851
574187 668750
422220 904428
369889 428898
450657 855302
516516 902815
157941 291352
143635 577225
88018 756124
631841 972117
764130 887674
128482 434084
537022 950058
246567 582750
442030 964104
117483 788939
159126 999250
31613 160420
227009 414445
388127 890428
14204 952131
290350 367823
151798 730849
15100 421806
13783 703079
854382 873244
645167 869074
102015 275284
379521 889783
152443 838593
371622 784218
80515 333573
10120 769912
637009 858481
182589 361511
475410 784362
210030 430519
240749 932771
506240 757313
666516 770444
438928 855085
165453 333131
143998 856234
231753 521503
114386 946822
54637 427550
530046 992877
714567 879484
220441 788526
33226 623249
531866 545537
840323 985315
98634 160212
200546 591641
271508 692793
598918 852026
729636 942025
187948 884721
167466 628966
621701 677184
478667 586749
588276 856766
463705 996253
770935 957936
688201 801078
191913 585540
399692 645447
522351 622888
16338 869332
811891 961292
311409 619975
264069 728258
424141 464769
130433 603482
72615 628368
414692 977415
514039 546514
298897 890209
208630 407979
301602 529937
546073 846159
489802 541677
7917 820830
871963 882294
415821 559986
33899 140080
107543 228589
635758 983178
445542 864377
77641 414281
290817 683294
163062 738468
300762 316416
38984 819459
45881 132725
441495 698449
154120 172922
360740 961110
107532 149304
160988 995384
264563 658678
149247 443857
854891 952390
367454 518963
546095 689521
503236 951036
489013 701267
75036 820789
517720 639971
149042 965322
403173 576566
81288 702205
235829 382230
147300 414609
171812 240600
343529 507894
745550 821141
33748 484169
494335 821311
735638 976636
289573 641134
216626 277813
629039 982594
233007 646113
739392 815854
794655 824486
18490 239214
18276 63078
479236 549570
218776 597393
131638 446016
66436 991343
818520 979862
126971 187656
488427 512448
787366 836694
108314 688539
118804 850547
178419 942120
663994 808414
53242 621495
14103 691984
246749 803833
48141 337451
424160 680401
148580 267633
34496 230447
111139 274732
111996 625804
42117 730172
660718 670411
86515 124763
573434 849103
477943 755689
116830 302439
586881 697192
403325 578247
679710 762756
561760 671044
239281 781982
494589 681936
105903 131851
76740 883942
865747 890657
594050 657778
463987 726949
422088 792224
248027 869038
628290 865930
172657 655744
155648 381744
607029 994125
776659 875733
381563 487354
230321 929954
196370 590780
823176 858000
645828 810578
346626 628067
545507 785661
439401 623687
159236 537795
530873 875901
468550 507751
286539 433973
130605 851918
678185 793394
525 455574
10487 916069
363563 703925
12908 351031
416752 441669
123890 391202
111835 231825
297128 325432
382003 983843
850865 966091
113527 872152
732802 806628
127483 480382
374910 503975
392155 656289
296073 928445
631012 994729
40683 901557
139570 364722
485263 644995
431052 853177
111292 990469
109426 235528
68264 890548
629712 800325
510015 777626
84430 438561
844180 943906
277216 502925
79321 950113
390393 701309
443345 712161
115488 564831
382472 521838
60403 130126
419612 728711
324901 371993
399333 468410
166181 835547
32264 375377
84321 732858
79525 492130
125449 238880
449561 722254
424333 432061
238473 827830
227159 469970
56543 944704
731826 862536
48411 111169
87807 118967
27266 398354
267108 300475
11903 396077
160980 420140
671155 777634
546873 885170
411601 751092
351270 364755
233960 739920
75461 292553
511933 811577
820251 891386
338326 835702
471071 916831
74338 454255
733765 828030
80628 248113
686938 873167
303637 990102
39494 598385
337220 351183
166284 678967
830005 843870
178471 593660
508557 583964
58569 60723
83060 118952
39702 48546
757158 876436
749927 793186
350533 851091
540640 843273
137693 375673
33531 98591
113371 951166
621108 939444
177764 395117
315337 548250
65894 836877
635659 776026
478641 656586
212056 477691
462551 555293
177605 283024
23919 778425
233811 915659
374612 650908
705623 938641
460734 993579
174317 215432
593985 830200
749556 953564
185374 226674
394339 610600
17884 77509
840275 943022
144 917535
489267 651679
614660 865207
301224 494018
394898 929221
219696 627466
334645 676963
88552 531479
75462 90837
79808 692088
69639 752130
333576 910058
5305 107413
182056 886932
621773 890260
374134 880829
371850 463159
100833 765528
100482 783345
613373 936826
379064 615310
32421 777916
938946 990926
93619 256956
616714 799332
60899 839617
284331 330654
761647 835548
56980 233529
84072 998926
131667 610399
19764 875275
251880 290509
925321 937088
360127 523933
616375 640902
417363 708771
428378 864564
340713 710576
148563 148707
232440 742891
128306 254087
216203 457775
165929 968372
248691 263386
301845 524963
224064 536275
608956 888743
548962 739495
574460 765061
221000 242732
868418 915194
311954 523220
26603 122009
257645 587205
609065 671662
109992 836175
455915 637257
523722 637970
449015 980913
695846 753640
381481 803354
697384 867677
61457 712464
133080 520357
452620 766358
68019 250827
339586 994929
381373 510809
194860 327447
36729 968034
744964 881868
216541 366287
12426 158224
857940 924761
354008 599891
121874 547453
183563 623052
225833 638365
271496 964781
110560 807858
568397 609375
52188 415389
686991 985619
565690 951310
839852 903455
105173 458369
821364 993005
183049 953272
213792 263495
568570 584054
629723 713100
798904 829400
100985 740793
475957 490404
720384 969379
71304 742016
608573 915105
589318 667869
129513 514785
618740 686917
44161 80666
35873 368768
97146 780434
676490 813165
773660 968770
265196 482294
142163 804872
70652 699031
242849 745845
344783 655085
840584 854817
215927 521319
112870 398354
791056 952622
174072 575090
56904 280932
478964 854399
512258 896378
535124 649850
520647 630598
507002 970946
48816 896918
291546 669550
292527 989542
3652 361343
201415 881961
441222 942531
523653 864975
229793 894362
262708 846934
274094 659093
264810 941940
314428 327000
109699 735204
45956 693093
428139 827289
632724 936495
208534 816708
187409 521691
16088 711296
77653 982883
620482 883122
416903 791608
406315 888577
81932 873689
791805 944393
242910 587831
300154 601879
630221 901105
352136 379612
341194 399187
263225 806050
260625 327713
108660 922922
91438 983581
806545 839435
419577 822397
432734 504426
559151 616160
516796 976615
662308 889813
545891 672272
399326 476416
23212 96921
364444 886036
790316 858948
263076 483588
599842 743921
340177 581562
343538 497313
147376 607153
229201 413646
692562 849258
525266 971803
189050 383421
146048 504187
665018 689340
696136 913607
9226 959574
281746 486823
217699 899655
511483 597459
274169 901972
173009 652314
198541 726462
383887 588074
326680 420119
90904 592523
77923 767912
254458 513768
297 993424
705997 707623
262527 773532
68272 146861
304188 535967
264355 722762
212960 816141
609794 676346
147993 870257
901961 961947
120908 266472
85571 941771
520739 729811
802434 910887
242164 331566
857966 925434
397434 429207
532324 743913
525472 836232
734795 795217
19251 95900
2005 228878
200842 879470
444695 572258
488499 848940
596814 809199
226511 627127
227758 310951
137889 368213
52273 508989
276789 555020
700004 882331
268052 473839
14916 978819
666944 777630
339828 407446
16652 136495
226054 700946
186018 274347
502780 607116
383531 692899
236267 628108
157516 950772
535841 914090
401515 692995
268058 449562
289970 300472
95752 246046
430215 602502
427444 986797
32249 96643
187923 777366
184303 890865
476528 549279
409830 758467
449015 528880
401703 541677
71009 329585
443734 955213
34808 169915
240487 753079
616060 883326
471285 599462
16796 824513
357358 807107
78588 146143
306897 781810
391809 395192
446597 848887
349799 559135
90614 628440
24548 542068
74418 571393
146848 451757
498297 636981
306356 993686
409353 752447
491626 626647
121646 692454
178886 474975
460490 555873
245851 295131
555016 944619
396377 832352
435790 650115
72694 727878
368503 803908
64390 806225
602865 622906
161200 235832
629328 951122
353805 712646
29914 551567
155820 269085
514786 815668
477356 975121
73948 427235
41951 851154
130832 418235
401329 829305
541717 822539
571925 795552
374254 959044
2176 419368
631174 849333
191082 337529
802155 825938
81607 152901
541128 604475
489466 837719
36625 566991
259379 372596
586376 855395
722784 929197
96320 436363
317746 668568
337723 482411
554699 995938
24307 635837
79984 640410
134863 681684
429732 841180
104192 951810
842652 997786
142218 338828
127896 258049
150075 914935
46788 389852
238289 738464
209413 636741
412603 667961
540855 902565
61406 272007
365694 948904
496339 767140
565921 935578
358398 961702
55864 431941
688854 903449
370301 896210
57823 203651
207713 819137
850913 879660
443076 559718
257233 459580
120450 537957
367937 810115
605962 976853
700264 885940
251187 358764
37070 502200
528980 878506
563772 626562
238565 857141
111272 599261
511730 848935
316039 999326
301489 549306
592130 746287
85683 733330
361656 826187
124303 959957
107283 387819
396402 965663
172158 258382
219799 398529
163257 962085
174985 266248
79516 660116
188636 823036
199500 763830
200604 911032
82882 145247
360264 813741
241374 584767
933394 960606
411454 805076
699778 849728
263216 952433
25870 772902
476985 593083
104362 989160
156823 438184
229367 321213
193200 867723
419755 731787
204775 459266
474192 926768
313093 334033
278886 464985
667254 848540
939020 955872
476198 537171
682687 797379
301395 901656
831774 895530
214058 241259
120548 354345
522404 774852
553780 755827
47759 330063
48740 704016
86859 700141
382648 831715
570768 602227
315711 884556
307719 918601
318939 351581
59276 657773
355420 690564
314579 958924
225671 908229
53647 678496
209731 406853
636813 786700
204267 351489
1009 356328
477127 956045
15570 502366
244214 855218
144129 483112
244921 854557
80767 88151
411659 836617
125991 295912
13773 805779
283211 442736
9250 652767
435877 780699
445198 531382
446915 700752
591581 880611
22743 534998
252306 924290
85754 283222
251496 560893
142871 777840
729517 935605
330884 639968
1316 950620
218586 722791
569429 767851
88362 466837
470200 471725
110319 634844
122558 820290
228327 748975
536477 655368
125274 933567
818733 844743
835010 996886
466266 813433
282066 809804
375784 450886
108950 615908
475375 834895
285952 451401
232116 722893
184770 810090
516625 841450
115437 141153
346197 719144
167544 249833
320066 668057
292075 376243
313701 363152
253173 464149
157703 923625
522162 681082
663275 942224
255396 916341
232803 561833
574172 666191
177962 309943
133003 977271
438873 907113
731869 934188
163219 699623
587710 668726
50581 402828
32801 886427
49004 84586
156563 240848
789638 796088
684920 984380
429780 494325
526559 588066
409683 688280
638519 840556
466040 904107
103817 797110
56256 929976
168829 479425
349759 569657
428129 912879
255845 521811
340005 422925
41564 295100
361437 806473
623062 958951
482642 581987
550288 867782
584853 717276
612395 969967
167987 592644
627485 667816
323000 744173
201865 380822
587154 937560
456432 861701
599162 675578
34893 491666
780670 931715
232708 768566
138193 931839
55413 719672
752826 927923
179230 224454
526023 671587
76710 995571
689710 872435
60377 310126
809904 975301
216267 927532
684066 979757
65787 853369
132130 854208
378437 564563
679404 840700
536836 680697
255793 581042
712042 874402
544808 666934
175414 196926
539256 688307
18879 927850
155743 231814
102910 397421
642926 858429
2817 149118
440607 591885
334431 884565
5555 95716
396180 771915
269999 953336
3899 346597
433596 768098
723631 747182
463685 745731
341982 677221
304923 427609
662713 811472
915579 927173
832663 932119
388374 628405
719829 755491
457424 661170
433436 741655
291202 392275
42849 767319
431544 498439
251497 942843
579251 652368
291779 374363
647591 859714
361664 977619
766600 874047
204454 715349
610336 806421
71129 742265
80250 854362
517480 741240
502452 546396
83969 817586
360442 367585
7238 485595
433077 514234
362937 836879
486203 565972
11302 564714
126247 343133
150171 684809
163933 670661
463569 570411
60113 880112
13299 570340
246505 699483
37243 966399
243659 327884
562962 870114
50830 403612
129120 896891
218112 687032
551265 553516
259619 462945
77537 590672
589030 895538
480175 968069
861646 968631
176879 458655
2737 952950
483609 510499
540068 877818
153997 481912
448065 590805
234987 924042
500740 741886
586087 728446
590090 639632
234368 342579
589640 866201
218009 873130
268513 269250
265609 525373
87500 859301
138607 841090
127665 524339
490199 588779
313386 355894
297249 920222
253563 757843
767978 922253
188168 916889
209425 259055
350166 463230
892427 972077
169597 712875
396356 471170
364854 830449
514260 830084
136265 489116
191445 504847
437146 966497
174686 604618
277307 468431
632302 867900
497467 508932
43185 562697
612462 733276
29236 765688
113894 735105
585105 642574
442635 588747
724848 906570
434804 993712
571431 621252
396775 474426
398225 824534
778211 921798
780078 816320
35863 352006
314110 686856
566591 900904
383967 941085
259951 842956
170661 495682
37241 237721
199496 318942
388456 794117
543345 666604
465488 969418
288768 589309
356270 654201
213236 497159
314192 337825
64840 88973
135615 440986
435405 845381
341129 872064
220491 222196
294761 924428
435214 969190
829894 999247
3641 606036
69251 653227
269112 320570
98675 199508
174576 908513
248880 337284
24360 132792
42353 80415
639403 823602
2059 812401
570932 589275
250904 833354
478576 949522
353923 881907
132150 413786
184009 408041
253409 855091
75323 883418
7961 429341
24766 248047
172379 699401
333549 632221
598199 824029
205587 728694
924055 976942
725487 791321
432360 672467
35336 847789
278740 331571
494806 853163
473365 757288
622112 685317
164289 172732
116399 629879
67234 339530
265933 944063
125056 173753
547110 801411
209380 789366
317673 741552
385793 908236
608569 684549
408548 878837
421063 955642
301727 766316
157060 859216
388163 439480
513637 883469
117486 910424
142238 366273
412615 519243
538465 626049
791535 798239
30298 899191
94220 999524
380835 625312
13740 587531
613837 654221
131239 496129
378718 650598
68177 902271
613794 839950
202305 545928
225161 935056
586662 741001
168304 844049
161610 436766
386647 532187
384301 795062
593865 771192
492865 754325
977285 990591
9810 426797
128877 991603
374220 698330
519306 594166
66987 699563
534689 651826
516122 896782
349031 373615
21675 274638
53405 242669
444269 926210
350753 922010
198343 586610
105734 335603
555647 775950
568512 666591
238628 500742
107639 664856
262102 759871
179393 842995
371761 980460
423026 851278
305450 484077
513497 526164
37116 424808
27943 519574
334200 877679
554366 680637
902591 920401
365720 926497
473995 832970
249187 296942
261054 828983
150231 189966
172757 373664
298815 530338
68431 224276
539789 691176
354177 706261
211990 535622
362259 962779
298026 751663
732560 793982
120903 650157
156500 223250
230009 888585
759733 858232
17331 57578
689150 986145
146064 807893
166760 868828
521584 661974
240419 660551
269124 812271
49232 149271
652077 972342
53894 817107
272499 483881
632342 820113
20464 423094
638545 937965
554495 899605
100175 937350
42733 999700
415901 543246
494877 984944
58481 108693
266639 599509
105306 125976
97571 572245
13614 517338
783130 882346
66620 924265
629493 654355
782015 950576
121927 196618
640911 763847
916738 995180
790041 810614
23265 817436
369875 693764
218101 799016
281662 491064
445933 954637
175351 949507
98501 459778
79539 754822
424091 858784
257679 627778
423977 618420
50298 205807
231536 356547
5238 10873
446911 993746
861009 956998
441297 898624
360772 411360
230424 903614
129241 705471
232977 626424
346823 785724
54602 821715
821599 950812
140634 753714
423179 834003
557808 997674
604357 951822
703277 949793
631262 814762
93232 408588
260408 452154
391205 822234
459212 823940
394993 433607
776741 819524
501338 564599
214179 870697
697645 914640
951315 974138
214815 754392
168240 210651
109206 374505
8162 201995
103589 198973
210593 338111
83035 756437
227148 978193
288732 694569
95104 838814
365120 706433
173578 977251
944424 992232
244348 644314
356921 522156
123542 165402
169560 316896
711423 848987
712173 918944
496424 962320
395981 619680
159201 285018
378714 989395
3648 256407
649965 770486
117651 186809
545454 740805
314258 411022
38972 878093
213431 578665
178886 741327
199920 943923
508124 597943
377078 381905
177712 566868
375460 998224
236055 368155
215783 859374
195801 572760
283862 349837
80115 462502
323870 846205
57593 881686
181234 919698
10324 996645
429266 799769
239355 257555
714577 714774
102755 492387
415127 683583
422046 887237
598112 733055
496033 653391
173301 528123
200404 326378
425074 997197
749525 756308
692863 716363
20209 526816
117827 816660
485618 952241
673442 920084
134276 447435
186608 678859
29933 585892
330340 462689
87923 214519
199290 335618
152830 622951
10442 333762
530442 727434
87461 88775
394233 699032
31554 957143
158693 215640
195735 660613
368790 372720
312147 963055
792439 910179
777361 842702
524283 627195
45760 192853
36255 499004
579603 713333
654574 970917
32578 204838
124283 779383
761994 810334
106943 905234
27399 100994
760778 778824
125689 825048
117601 959102
184611 188522
42286 954942
669107 953826
966923 995494
106482 678100
274027 986824
506828 978298
334962 581512
89467 791753
490033 511143
402045 617913
776480 873801
286603 518799
62279 744071
176926 583320
426220 468935
378545 675369
398439 901152
678423 783748
90280 127903
254943 538360
85190 264366
363877 443407
18577 740232
98285 899124
38031 804345
257439 322997
167735 521764
28717 796702
577956 788112
445016 857972
258527 735071
268048 287064
125261 452061
439094 964411
7934 524919
408807 421217
203153 958476
152476 398646
494771 679742
250265 509158
340594 855565
148464 172370
107549 956488
10339 465402
843236 945310
906364 928855
247275 768151
542232 799773
44086 979489
128951 742049
148945 662697
620287 869722
30974 281010
560942 844147
51248 872977
350751 613309
21743 605136
401552 766641
138763 720252
110000 174239
158837 912643
175605 846166
313108 858282
323313 905554
520042 553313
272520 413319
524586 935023
652609 879627
131546 426320
306857 894392
388809 422656
150047 653211
221791 905898
625121 955440
714798 777555
75860 175693
9133 249514
203807 976339
623708 832279
131886 608676
504441 822799
490672 579622
158864 545728
590579 695532
78763 721634
20306 953086
247078 711012
263207 958963
85851 502527
277376 531633
383822 711047
808015 900165
158332 560098
822672 928122
556127 559873
354032 594545
481315 866538
441370 992405
550196 840043
604626 820416
128021 265028
888306 913726
60827 823145
115702 846723
469326 805349
124947 381454
445781 485164
282246 418850
458851 952875
438732 507526
478636 897306
69397 216732
607923 854697
373715 587013
757148 896812
709758 995560
120153 879220
81787 233990
181329 676390
95757 646732
829372 919834
143639 504972
183512 683757
350540 471568
288567 582831
448968 848516
509311 944166
72046 994963
182858 461288
112608 946801
239874 802758
11702 778788
117118 321004
426506 895865
90782 838659
581865 826640
353952 665056
164536 830587
542608 858065
96419 606797
851809 884743
715123 844738
239269 728022
161639 937323
334534 791691
308510 618812
372077 397685
524404 699899
174588 749362
75659 135913
269684 273040
109134 425932
492066 651602
744212 792449
420185 678334
241126 256704
333929 622247
60371 833532
118963 286680
158108 175623
34651 785821
538765 727592
202854 557805
299246 381367
63754 241619
698138 938877
92840 582904
193090 602810
886559 889104
60960 451176
693217 883268
374246 764309
420823 701644
708277 723365
47318 192573
333926 670158
392729 428880
16637 401315
107098 850178
199632 918314
467733 903134
489038 515164
23055 443173
422829 534257
33052 388311
285850 898225
266105 358418
302876 314581
550541 843792
496360 731630
495574 892349
73533 989129
90653 116419
113837 936430
249453 842450
126876 967957
107285 241564
205118 577264
143034 934535
143449 192551
186507 978485
124251 922820
325827 933702
496141 971515
268116 847467
352805 819100
241962 614498
598790 739923
384731 951111
507143 809440
296845 825581
667190 851345
521975 938850
350996 903565
233720 702350
175401 208954
408313 614300
633757 898534
601417 746328
491151 814832
493927 632228
176065 444892
250786 943836
430044 471632
326347 915872
329711 741139
71499 851394
818831 968175
461540 992516
254666 770939
693897 696699
881364 942706
159888 917155
230354 252709
87056 386753
464601 915005
25279 607168
108370 951959
7253 554515
925493 937035
523155 822442
521063 729224
207661 360589
178038 906080
162108 941796
649097 894225
141836 593645
135682 636392
350536 491153
115231 832797
528747 530478
205473 865774
38693 79158
400671 489992
269243 612367
72449 446228
415653 919538
499902 777774
195949 712338
675879 719655
235745 309792
69866 962230
655299 864997
166069 486297
157215 261097
952388 998286
442153 887377
351644 383755
912138 925846
153240 289596
66193 919124
540532 931573
183099 822399
38341 443062
359834 787650
335937 609062
814895 983835
251475 621442
130208 974064
422840 645820
943226 992901
327006 409370
119528 313227
315182 547954
338962 948603
263792 899586
157720 771424
6670 795568
886905 960173
112235 610094
455717 980972
153668 331164
598674 772777
794062 884014
15521 955278
733022 786811
671580 897315
333471 530767
544821 725840
703576 774625
365466 395977
276899 921694
739876 892128
296900 864720
457760 526713
544991 684136
730027 836019
339761 392458
227982 229639
116122 189817
521663 813000
95540 134475
140057 521518
424660 991649
617463 682552
63130 860441
196717 362740
217942 772971
811987 821238
390328 399282
719669 752993
73635 222052
121285 420416
554862 988998
229049 343967
10808 967779
6468 775892
714598 716031
271644 759867
548919 961301
350531 363183
951453 960945
455613 746315
31111 108521
73420 525881
411720 892152
844196 914807
390263 726175
717162 762906
335429 908490
792283 824808
55974 174828
533958 681883
735057 898683
688045 856196
246155 884010
231026 665883
18600 187617
200610 676597
663096 951192
821544 834578
242496 962136
287427 578790
373725 558810
710890 834162
96174 254109
435284 504642
127956 660966
479238 822492
619190 738558
164299 746440
283616 794829
192516 279677
477629 959335
12582 429866
892600 922536
309023 526025
32862 928401
725436 760898
320860 835532
113278 713678
210431 369767
77566 839892
58231 733084
491717 694424
487635 567560
477511 840502
147774 313144
211284 605113
502725 620123
197830 547242
144856 787082
88240 465823
381092 966820
208977 300236
75356 764813
256680 874477
423593 835386
34981 940882
47619 965146
405369 762326
310442 855834
839682 966638
223391 737456
477537 993105
35451 794179
228995 996981
249805 474886
743762 891420
91729 606607
274241 350915
8349 250973
350351 824231
532386 914206
7419 71497
708813 811529
237755 945663
31282 644987
372019 495031
672010 801647
418765 938914
529331 728455
115294 742732
355956 912961
415289 645325
181908 573797
197581 227175
99069 337184
297972 889275
73938 108907
584591 685931
202706 969711
399923 484523
475218 862468
392744 890182
250309 663599
87001 371692
705259 769069
331501 777878
53665 815143
555587 560274
60146 86753
752440 771123
176035 907564
129317 386012
441249 766905
6409 156047
167592 490291
273022 791356
401991 868665
207637 727846
512989 617186
721989 752302
446128 925798
595098 762860
360062 945998
115582 755679
545668 947882
915703 919989
35305 705258
311459 883272
671617 784152
303865 704933
17167 544215
99997 725234
316995 689192
378003 987132
342331 528480
58259 956839
521016 750845
427219 493342
469894 493497
336928 552767
10491 722574
