25 25
16 1 17 16 2 14 9 12 4 7 6 3 24 22 5 18 19
14 17 12 19 23 6 15 9 2 20 7 3 22 14 13
15 2 18 16 4 17 23 7 5 6 20 13 24 3 21 9
17 9 7 1 15 17 16 4 3 21 24 5 8 10 2 20 6 18
17 23 17 21 1 3 25 22 2 20 14 24 8 12 9 6 13 7
20 8 16 5 3 13 11 24 10 7 12 15 23 2 21 9 1 14 6 18 17
16 22 3 1 10 6 9 2 18 7 12 11 16 17 19 25 14
16 25 12 21 22 3 6 15 11 10 19 9 20 17 23 2 7
18 7 15 5 2 18 21 3 10 4 9 24 17 6 12 8 1 22 16
16 9 4 7 2 8 10 13 22 18 16 17 12 3 21 6 25
16 18 22 17 3 24 6 4 7 14 16 21 9 23 13 2 8
14 25 2 17 3 23 1 8 6 19 12 7 9 15 16
14 11 3 4 2 7 8 6 5 15 17 25 9 24 19
15 19 7 15 24 17 4 23 2 3 22 6 1 5 9 21
16 16 4 7 23 3 22 1 8 6 20 12 18 19 9 2 17
15 10 11 18 17 23 7 2 19 3 9 12 6 15 5 16
15 10 1 21 6 8 2 18 3 17 24 11 4 9 14 7
17 8 10 4 7 24 9 14 15 3 25 13 11 16 17 2 12 6
12 3 1 7 23 21 17 2 25 6 10 9 20
17 3 6 15 2 19 25 20 16 7 13 10 9 17 12 1 18 5
15 4 15 12 11 14 2 9 10 6 8 7 13 23 3 17
17 7 23 8 3 2 1 11 24 9 17 6 14 22 18 5 10 15
14 12 20 7 9 3 1 4 15 22 17 2 5 19 6
17 24 7 9 3 18 6 14 10 4 12 17 1 11 19 8 23 2
13 1 2 4 9 6 16 12 22 17 20 3 7 19
