30 30
24 10 27 2 16 6 29 21 23 1 12 11 26 17 25 30 19 4 20 7 9 15 3 13 28
25 26 27 29 13 11 28 5 9 30 23 17 19 1 22 4 12 10 7 3 6 24 25 21 2 16
24 4 3 7 10 19 20 12 30 23 25 24 5 28 2 26 1 27 21 17 29 13 6 22 9
25 25 30 12 7 4 1 22 26 11 5 3 19 13 29 21 10 6 28 24 27 9 17 23 15 2
25 5 25 26 28 29 11 12 20 4 16 27 24 7 15 3 10 23 2 19 30 6 21 17 14 9
23 21 17 4 26 6 27 1 10 3 13 2 23 14 12 29 30 19 28 20 25 18 8 7
21 10 21 14 2 4 7 23 27 30 17 3 25 6 16 13 28 29 26 19 11 12
23 4 27 29 18 26 19 22 12 15 28 16 3 7 17 25 21 6 23 8 10 2 24 30
26 6 4 27 30 21 23 17 20 8 19 10 12 28 26 29 25 3 13 7 18 2 22 14 16 24 1
26 6 29 17 27 1 7 25 16 2 26 21 5 20 28 12 18 30 10 13 14 4 11 23 3 19 9
22 5 27 6 4 8 9 17 2 7 10 3 26 14 19 23 28 25 12 21 18 30 29
22 4 17 3 12 7 28 30 26 21 10 27 29 5 18 14 19 2 15 23 25 6 9
23 27 16 2 12 21 28 7 6 4 22 10 19 17 26 18 3 20 25 23 5 29 30 24
20 23 27 21 17 18 19 7 6 29 2 13 4 10 3 30 15 26 28 25 12
22 26 6 15 9 13 29 10 7 27 12 30 3 19 4 25 18 11 17 21 23 2 28
22 26 2 8 24 18 27 30 17 25 3 6 11 7 21 29 19 10 23 28 16 4 12
21 19 21 30 4 6 29 3 27 23 2 17 22 8 10 25 13 28 24 12 26 7
26 30 29 7 10 9 17 23 2 3 12 13 15 28 25 20 6 4 22 24 19 21 1 27 8 26 14
23 20 29 21 28 16 2 7 3 25 19 18 22 27 17 9 24 10 6 12 23 26 4 30
20 16 30 6 10 17 3 29 4 28 20 27 7 2 23 21 24 26 12 19 25
26 3 26 13 29 20 28 4 24 21 1 7 11 2 19 14 5 9 6 22 10 23 12 27 17 30 25
21 6 15 3 23 4 22 12 27 28 29 19 10 21 7 25 2 30 26 16 17 13
26 7 29 20 28 27 19 17 12 18 9 30 15 25 3 11 5 14 10 23 2 6 26 4 8 21 13
22 25 26 2 17 21 24 7 12 6 29 18 22 30 23 19 3 4 28 27 8 11 10
24 15 10 28 7 27 29 9 3 1 26 23 25 2 14 19 5 12 20 30 8 17 4 21 6
21 16 23 10 26 30 18 29 2 25 28 4 21 13 12 7 3 27 19 17 5 6
26 2 4 26 10 28 22 25 29 3 18 19 24 30 15 16 8 14 20 5 6 17 23 12 21 27 7
25 26 11 12 28 23 27 29 19 22 15 24 13 17 30 18 4 21 25 7 3 16 2 10 6 9
22 21 6 12 5 29 4 28 1 2 27 9 26 16 19 7 23 10 30 24 17 25 3
20 7 28 26 13 29 6 20 10 2 17 30 3 21 12 19 4 27 23 25 14
