30 30
16 2 17 15 19 12 5 22 11 29 21 9 25 23 20 10 6
18 18 23 6 12 26 2 22 5 27 14 17 10 9 29 1 15 21 19
15 22 18 4 1 26 15 12 28 24 2 10 21 25 5 6
19 23 30 8 6 11 18 28 22 15 21 24 17 14 13 16 2 26 12 5
16 5 23 26 27 22 16 12 1 30 13 2 7 8 4 21 15
20 12 22 11 25 26 1 7 5 18 28 2 23 27 14 17 29 21 16 3 15
21 1 15 11 12 16 9 19 2 29 17 5 10 24 3 22 26 21 20 14 13 4
15 11 5 29 14 21 2 13 15 3 12 22 23 18 4 25
18 10 25 22 13 1 5 11 30 15 6 3 24 12 27 2 21 18 16
16 15 12 25 20 22 29 5 19 23 18 2 11 1 7 21 17
14 17 5 2 26 14 12 25 19 1 11 21 3 22 15
18 14 12 20 6 24 4 5 2 19 23 3 1 10 9 21 15 22 26
16 22 5 21 8 2 12 15 4 16 23 28 10 17 7 13 9
18 9 10 15 22 20 11 3 5 26 27 2 4 1 12 25 14 21 8
18 9 11 5 30 24 8 26 16 15 2 10 12 7 3 25 21 27 22
24 1 19 14 25 21 27 18 12 10 11 3 30 29 5 4 22 9 15 13 20 16 26 2 6
20 2 7 5 20 17 18 24 19 13 22 15 8 4 14 21 12 30 29 28 23
18 3 6 19 25 15 5 21 17 24 22 23 7 14 2 12 1 20 13
16 20 7 5 3 2 26 30 22 14 12 17 15 9 1 21 11
19 12 28 8 26 10 14 15 22 5 11 27 3 23 25 2 21 16 29 24
17 16 7 5 22 29 26 28 1 4 15 20 21 2 12 9 3 24
19 17 30 22 1 8 13 3 2 29 25 4 15 14 27 16 12 5 21 10
15 15 28 29 11 22 2 12 26 5 18 21 8 19 4 3
16 9 26 28 15 23 12 25 16 21 18 3 30 2 5 7 22
18 23 5 10 21 2 20 7 4 28 26 12 29 22 15 25 3 1 6
19 17 5 13 22 2 12 21 27 18 29 19 30 16 28 15 11 10 24 6
16 16 3 21 2 17 12 5 23 22 29 6 18 20 15 8 10
18 5 12 3 2 17 25 22 15 10 20 23 1 21 4 27 28 13 8
19 7 2 12 28 11 20 16 18 15 1 5 9 21 6 25 10 30 22 26
16 2 5 16 22 15 28 4 13 11 21 3 12 9 25 27 30
