30 30
29 3 5 6 27 7 13 14 4 15 1 9 22 2 24 19 26 28 12 17 11 25 10 16 23 29 20 30 21 18
30 13 21 25 12 6 5 22 2 17 19 23 11 1 15 28 24 7 10 18 9 4 27 3 29 26 14 8 30 20 16
30 28 20 6 24 18 16 17 15 25 5 14 30 19 3 23 11 4 12 9 22 7 21 8 1 29 13 26 2 10 27
30 27 18 10 8 1 29 28 6 23 26 16 30 21 11 12 5 3 14 2 22 9 4 19 24 17 15 25 20 7 13
28 18 22 30 8 5 1 21 11 17 28 19 20 3 10 9 13 4 27 25 24 23 15 16 14 12 6 2 26
29 5 8 30 17 19 20 24 11 4 23 1 26 21 13 7 28 9 2 15 27 16 14 29 22 6 25 3 18 12
29 22 10 28 24 21 14 19 16 23 25 27 6 8 17 9 1 12 18 5 29 4 20 13 11 30 26 2 7 15
29 2 27 28 13 8 16 21 20 10 12 5 19 9 11 1 25 30 14 17 22 24 29 23 18 3 4 7 15 26
29 24 7 22 13 11 14 29 21 16 25 26 9 28 17 6 12 2 8 27 18 15 20 4 1 19 30 10 3 23
30 13 10 1 22 19 3 7 16 11 12 8 6 9 28 20 18 17 24 14 21 23 2 4 29 27 26 15 5 30 25
28 23 3 20 4 7 13 28 11 25 21 22 24 8 15 12 17 14 27 5 9 29 6 16 10 18 30 1 19
29 4 16 5 11 12 25 24 29 6 30 26 28 13 18 15 7 8 14 23 27 21 9 22 1 17 2 19 3 10
30 28 4 20 24 19 8 14 27 18 23 16 29 10 30 1 17 5 12 6 25 7 26 3 2 13 11 22 15 21 9
29 22 25 8 6 17 20 18 9 24 1 12 13 11 28 26 4 10 3 30 15 21 23 5 29 19 27 14 7 2
29 13 5 27 4 11 15 25 16 28 21 20 12 17 1 8 3 18 2 24 29 19 9 26 10 6 23 7 30 14
29 20 7 13 1 12 8 3 17 5 21 9 26 11 15 10 16 28 30 14 19 25 24 6 4 29 2 27 18 22
29 16 23 19 27 10 13 12 11 17 28 8 9 24 22 25 15 18 30 29 7 26 1 2 21 5 14 20 3 6
27 12 24 14 2 15 10 11 4 27 7 21 9 6 29 25 28 16 8 23 19 1 5 3 13 20 26 22
30 12 19 18 28 14 10 16 25 27 3 9 17 1 26 8 30 5 4 22 7 24 20 21 23 29 13 6 11 15 2
29 24 8 22 26 2 29 20 28 11 4 21 16 6 13 3 27 10 5 14 30 25 7 1 15 9 17 19 18 23
29 16 25 2 4 18 24 5 10 30 14 19 26 1 3 6 9 29 11 27 15 12 7 20 23 28 8 21 22 17
29 17 26 21 15 2 29 8 9 13 24 22 14 28 18 11 19 20 4 6 27 30 5 23 3 16 10 7 1 12
29 26 29 5 25 23 3 27 22 11 7 12 24 30 18 4 21 2 6 20 8 16 1 10 28 17 13 9 14 19
30 22 30 6 27 29 1 11 25 15 7 12 21 5 13 17 23 9 20 26 16 28 14 19 3 4 8 18 24 2 10
29 27 29 6 20 13 12 22 16 28 7 18 15 5 8 14 19 2 3 26 30 21 10 25 24 23 11 17 4 1
27 3 17 8 22 21 27 23 9 4 19 29 15 2 18 7 26 30 12 20 13 24 25 6 14 10 16 5
29 17 24 20 25 21 5 13 3 28 16 29 2 10 27 9 26 30 12 22 8 1 15 18 4 19 7 11 6 23
29 15 10 6 17 5 25 20 14 16 22 7 24 4 30 23 11 8 9 21 18 3 26 28 27 2 29 13 1 12
30 6 25 18 14 13 30 26 16 12 9 1 5 20 27 24 11 2 17 21 23 19 4 7 29 15 8 22 28 3 10
27 13 23 30 22 1 4 11 29 28 10 25 7 3 17 15 26 16 8 18 6 12 14 20 5 2 9 19
