30 30
30 18 27 26 17 24 6 29 5 10 4 16 2 30 14 12 3 11 19 1 21 28 20 23 15 25 9 8 7 22 13
30 2 18 10 9 23 8 13 12 6 3 4 19 15 16 29 22 21 7 25 5 20 17 14 28 24 11 27 30 26 1
30 18 23 13 19 10 2 12 21 11 28 1 17 26 27 22 29 14 3 15 9 8 5 6 25 30 16 20 7 24 4
30 16 12 23 7 20 17 25 8 2 10 28 5 6 21 13 19 24 9 27 1 30 4 14 18 11 29 3 22 26 15
30 28 23 16 11 9 7 24 10 1 13 22 15 19 4 2 20 8 18 27 21 30 26 14 3 17 6 12 5 25 29
30 21 30 17 28 11 15 7 4 6 19 1 2 14 22 3 27 25 18 23 24 26 5 16 10 20 12 8 13 29 9
30 18 22 20 23 1 13 14 12 24 29 11 7 19 8 28 10 2 9 25 21 17 6 27 30 26 3 5 4 16 15
30 25 7 28 19 15 13 8 16 5 17 21 30 1 27 9 14 11 6 10 22 4 18 20 12 29 24 2 23 26 3
30 19 8 1 12 28 24 7 2 27 18 13 3 5 21 15 22 29 16 26 25 20 17 4 6 10 14 30 11 23 9
30 12 14 3 8 4 30 6 16 26 28 27 2 25 17 22 13 1 21 20 18 24 9 11 5 29 7 10 23 19 15
30 19 6 5 11 22 8 18 28 24 26 12 29 25 27 16 13 17 4 3 30 2 10 21 20 7 9 14 15 1 23
30 8 20 3 26 23 15 17 11 16 28 1 27 5 6 19 29 9 2 14 30 7 10 13 21 24 12 18 25 4 22
30 27 3 20 24 10 2 29 1 9 30 7 19 25 13 26 22 15 4 5 18 6 12 21 14 28 16 11 23 8 17
30 22 12 11 4 16 5 23 20 28 13 21 6 14 17 7 15 26 10 18 25 19 9 27 30 8 24 29 1 2 3
30 12 4 16 6 27 13 21 20 8 29 23 26 22 14 17 24 2 11 7 15 5 1 18 28 9 19 30 25 3 10
30 4 7 27 13 16 5 25 12 28 14 26 21 6 15 19 18 24 2 22 20 29 8 3 23 9 11 30 10 17 1
30 9 6 10 7 8 26 17 18 5 3 19 13 27 30 4 1 29 14 23 11 15 28 22 12 24 16 20 25 21 2
30 3 12 14 22 28 18 4 25 19 21 15 20 2 27 7 6 5 17 11 29 1 26 24 16 30 23 8 13 10 9
30 23 26 30 5 19 7 22 16 2 27 3 4 24 15 21 29 28 17 1 14 13 9 20 10 11 6 18 25 12 8
30 10 27 18 9 24 5 4 16 14 6 20 1 30 8 21 26 17 11 7 3 25 22 15 23 12 19 2 13 29 28
30 26 25 28 16 30 29 1 24 27 23 12 5 21 10 4 15 3 14 17 2 13 20 18 9 8 11 7 6 22 19
30 22 27 10 5 17 24 18 14 9 2 3 15 19 16 11 12 23 6 13 4 25 20 29 28 1 7 8 26 30 21
30 6 9 23 22 11 7 1 18 16 3 4 5 2 12 17 20 13 8 25 15 21 14 26 27 10 19 28 29 30 24
30 2 10 7 15 28 27 8 24 16 17 6 19 25 26 22 9 30 14 4 23 29 20 13 12 21 1 18 11 5 3
30 17 5 14 22 18 23 2 16 8 9 12 26 10 20 25 27 30 7 1 21 28 6 24 4 11 15 29 3 19 13
30 22 18 21 28 4 27 5 14 16 12 9 1 29 20 15 2 23 8 6 24 19 10 3 11 13 7 17 25 30 26
30 21 5 22 1 24 14 8 9 30 16 17 13 3 6 26 23 25 7 18 27 12 20 28 11 10 15 2 19 29 4
30 8 7 29 15 22 18 30 10 16 27 25 19 17 9 13 2 28 4 26 1 6 23 5 20 12 3 24 14 11 21
30 20 10 5 9 1 17 22 26 18 28 16 12 24 15 25 30 2 14 13 6 19 23 3 7 4 21 29 8 11 27
30 12 11 13 9 14 17 20 28 23 27 5 15 29 16 2 3 4 10 26 24 6 1 7 19 22 18 30 21 8 25
